0.29014721512794495
0.2026052623987198
0.9320029616355896
0.9670747518539429
0.9909278750419617
0.9861091375350952
0.9029214978218079
0.7966734766960144
0.9904269576072693
0.969071626663208
0.735220730304718
0.9534621834754944
0.9502425789833069
0.5533216595649719
0.5527264475822449
0.7827080488204956
0.9629571437835693
0.6236362457275391
0.993501603603363
0.24320757389068604
0.9144394397735596
0.8866801857948303
0.9909375905990601
0.8890730738639832
0.9813801050186157
0.9700897336006165
0.33803847432136536
0.9903321862220764
0.9818170666694641
0.9920179843902588
0.9849889874458313
0.948235809803009
0.9155551791191101
0.9661275744438171
0.6879781484603882
0.9759125113487244
0.9610249996185303
0.6471493244171143
0.9771175384521484
0.9432359337806702
0.9931610226631165
0.9963329434394836
0.595562219619751
0.9421362280845642
0.9399799704551697
0.9086281657218933
0.9556373953819275
0.8101844191551208
0.9322249889373779
0.9876307249069214
0.3777768015861511
0.9894832968711853
0.6685665845870972
0.8647683262825012
0.9119861721992493
0.5832885503768921
0.9034714698791504
0.9841136932373047
0.9430487751960754
0.9653095006942749
0.18793894350528717
0.433415949344635
0.8252940773963928
0.8554514646530151
0.9972922801971436
0.9795021414756775
0.9829413294792175
0.5043184161186218
0.9652107357978821
0.9231865406036377
0.9883872270584106
0.9894227981567383
0.1959291249513626
0.9615704417228699
0.7202593088150024
0.5585774779319763
0.9146189093589783
0.9860152006149292
0.6222206950187683
0.2567315697669983
0.40718919038772583
0.43823134899139404
0.9804538488388062
0.9689056873321533
0.9984309673309326
0.7146291136741638
0.644993782043457
0.5715895295143127
0.2979414463043213
0.9553920030593872
0.9558861255645752
0.9354439377784729
0.9326273798942566
0.6413426399230957
0.9585458636283875
0.7482230067253113
0.5760837197303772
0.9807024598121643
0.9627045392990112
0.7044649720191956
0.9599823355674744
0.9943428039550781
0.9937372803688049
0.9772917628288269
0.3378707766532898
0.88055419921875
0.9976623058319092
0.9911257028579712
0.45595160126686096
0.9946908354759216
0.9973825216293335
0.9631403684616089
0.9983091950416565
0.8609594106674194
0.9990190267562866
0.74675053358078
0.994563102722168
0.8638954758644104
0.4429742991924286
0.9674498438835144
0.6822877526283264
0.9778029918670654
0.9223347902297974
0.9973910450935364
0.6831448078155518
0.24621768295764923
0.6453989148139954
0.9968493580818176
0.7473280429840088
0.9884130954742432
0.6617240905761719
0.987030565738678
0.9533980488777161
0.9362667202949524
0.9846407175064087
0.7325437664985657
0.8184148669242859
0.9911782145500183
0.977791965007782
0.9932132959365845
0.9934903979301453
0.7424066662788391
0.9909204840660095
0.9543277621269226
0.6270982027053833
0.8957527279853821
0.9815912842750549
0.5512924194335938
0.8948168754577637
0.8770721554756165
0.8293485045433044
0.9934247732162476
0.885160505771637
0.6274523735046387
0.9484721422195435
0.7489956021308899
0.93233323097229
0.963077187538147
0.9277663826942444
0.9837521314620972
0.9869364500045776
0.9926063418388367
0.9975446462631226
0.7695460915565491
0.9275352954864502
0.6810576319694519
0.8966611623764038
0.9238616228103638
0.8864427804946899
0.9976388216018677
0.9681368470191956
0.9941692352294922
0.7903011441230774
0.8666120171546936
0.9322484731674194
0.954049289226532
0.8585357069969177
0.805993378162384
0.9839996695518494
0.9894571900367737
0.9852185249328613
0.9933508038520813
0.6907837390899658
0.9678369760513306
0.9353083372116089
0.78135746717453
0.9898334741592407
0.9978889226913452
0.9214932322502136
0.9946908950805664
0.9846711158752441
0.40386196970939636
0.8942838907241821
0.9759643077850342
0.9567499160766602
0.2951110899448395
0.9601308703422546
0.7979798913002014
0.8772556185722351
0.9422755241394043
0.9800963401794434
0.9820919632911682
0.6348440051078796
0.9759044647216797
0.968597412109375
0.9269667863845825
0.9933965802192688
0.9678084254264832
0.9451271295547485
0.9122474193572998
0.9605178236961365
0.46093836426734924
0.5380829572677612
0.8994527459144592
0.924808919429779
0.9936102628707886
0.9463525414466858
0.7159825563430786
0.36240240931510925
0.9579259753227234
0.5363088250160217
0.9824551343917847
0.9580128788948059
0.786742091178894
0.7417141199111938
0.9951788187026978
0.3438493609428406
0.5602951049804688
0.9409784078598022
0.9957160353660583
0.9610269069671631
0.9967899322509766
0.4767875373363495
0.9482805132865906
0.9922342896461487
0.6441789865493774
0.9784166216850281
0.9432143568992615
0.8523609638214111
0.9543589353561401
0.15777873992919922
0.9616296887397766
0.7196992039680481
0.9707311391830444
0.387164443731308
0.8398898839950562
0.2777685821056366
0.8946696519851685
0.9850409030914307
0.9780879616737366
0.9575737714767456
0.9450157284736633
0.9544429183006287
0.841160237789154
0.9420542120933533
0.9672680497169495
0.6445098519325256
0.9953627586364746
0.14556048810482025
0.9414137005805969
0.26056864857673645
0.5374878644943237
0.8484994769096375
0.9755192995071411
0.9668436050415039
0.9962559342384338
0.9948794841766357
0.874272346496582
0.9927761554718018
0.8377079367637634
0.9650825262069702
0.7869147062301636
0.9917126893997192
0.9989662766456604
0.4844733774662018
0.6889232397079468
0.8381183743476868
0.9111363887786865
0.9884750247001648
0.741248369216919
0.968504011631012
0.9910492300987244
0.9751909375190735
0.9894735217094421
0.9495900869369507
0.5870485305786133
0.9736621975898743
0.997674822807312
0.9770824313163757
0.9592788815498352
0.9860960841178894
0.9552367329597473
0.9581195712089539
0.20072652399539948
0.9308619499206543
0.9884120225906372
0.8377438187599182
0.845619261264801
0.9536458253860474
0.9545012712478638
0.9839404821395874
0.9673643112182617
0.9111075401306152
0.9719300866127014
0.9938639998435974
0.9888699650764465
0.9646409749984741
0.9550175666809082
0.5828202366828918
0.9076718688011169
0.9939107298851013
0.9651212096214294
0.8554105162620544
0.6876317858695984
0.3614949584007263
0.6714754104614258
0.7669877409934998
0.876477837562561
0.8595393896102905
0.7730379700660706
0.9482148289680481
0.8088232278823853
0.9940793514251709
0.9503298401832581
0.9962254762649536
0.9655684232711792
0.9565629959106445
0.9923864006996155
0.8755732774734497
0.9938368201255798
0.9744791388511658
0.813027024269104
0.877066969871521
0.8930315375328064
0.9095647931098938
0.5237888097763062
0.9879259467124939
0.8395557403564453
0.9977005124092102
0.9693712592124939
0.9757359623908997
0.9563838243484497
0.9088583588600159
0.9745519757270813
0.9968706965446472
0.9934217929840088
0.9861928224563599
0.9706916213035583
0.9896113276481628
0.2936081290245056
0.9683480262756348
0.9013417363166809
0.7839471101760864
0.9737762808799744
0.9719363451004028
0.9899361729621887
0.5612695813179016
0.9687450528144836
0.821624219417572
0.888372004032135
0.9876985549926758
0.6440940499305725
0.254550576210022
0.7881972193717957
0.9581925272941589
0.9899762868881226
0.966366708278656
0.9919959902763367
0.6033322215080261
0.9714273810386658
0.9024010300636292
0.6603480577468872
0.8782380819320679
0.9903837442398071
0.9408218860626221
0.9757280349731445
0.9004043936729431
0.6044275164604187
0.7368410229682922
0.9904153347015381
0.9150310754776001
0.9753127694129944
0.9981266856193542
0.9968510866165161
0.9317124485969543
0.8527364134788513
0.822872519493103
0.9674290418624878
0.9088696241378784
0.9770441651344299
0.9663630127906799
0.9816910624504089
0.9935166835784912
0.9780814051628113
0.9925284385681152
0.9244481325149536
0.9106331467628479
0.9228954315185547
0.9688572287559509
0.9114008545875549
0.8001143932342529
0.7149227261543274
0.28149542212486267
0.8636599183082581
0.7960321307182312
0.987480103969574
0.24459797143936157
0.9248348474502563
0.923385500907898
0.9809839725494385
0.5688816905021667
0.7403828501701355
0.9617369174957275
0.71308434009552
0.9654982089996338
0.9636932015419006
0.891518235206604
0.9858534336090088
0.9525114893913269
0.9963956475257874
0.9861443042755127
0.4328356981277466
0.9535272121429443
0.6930707693099976
0.911034345626831
0.7867079377174377
0.9871916174888611
0.9916657209396362
0.998177707195282
0.9094980955123901
0.7047550082206726
0.90375816822052
0.8212975859642029
0.978935956954956
0.8956570029258728
0.5748650431632996
0.6164205074310303
0.9503865838050842
0.7896872758865356
0.9892112016677856
0.9409931302070618
0.8364548683166504
0.7337861657142639
0.9973975419998169
0.937923014163971
0.21613472700119019
0.7737973928451538
0.8067951202392578
0.9958478808403015
0.9947184324264526
0.7374866604804993
0.9740960597991943
0.9976163506507874
0.9806064367294312
0.9826757311820984
0.7778780460357666
0.9992538094520569
0.9570250511169434
0.8250357508659363
0.8805360198020935
0.9369646310806274
0.8072883486747742
0.9644421339035034
0.9174856543540955
0.9536497592926025
0.489779531955719
0.9714179635047913
0.9452519416809082
0.992969274520874
0.8438298106193542
0.9843165874481201
0.8274844288825989
0.5392171740531921
0.9926557540893555
0.9335251450538635
0.6216252446174622
0.9505286812782288
0.5962818264961243
0.9399874210357666
0.8450872898101807
0.8818146586418152
0.3029804527759552
0.9792467355728149
0.8802759051322937
0.18063493072986603
0.932893693447113
0.2340415120124817
0.9714329838752747
0.5702293515205383
0.9991011619567871
0.7429764270782471
0.8921969532966614
0.8553066253662109
0.9170980453491211
0.9852550029754639
0.9986053109169006
0.8965010046958923
0.9437456727027893
0.7900803685188293
0.8345709443092346
0.9876052141189575
0.5902758836746216
0.5060890913009644
0.9687176942825317
0.2770897448062897
0.9377372860908508
0.8748136162757874
0.9908185601234436
0.49082157015800476
0.5472816228866577
0.7869865298271179
0.5525385737419128
0.39247027039527893
0.32523420453071594
0.9937583804130554
0.9341250061988831
0.781509518623352
0.7853219509124756
0.9959022402763367
0.9568988680839539
0.526310920715332
0.8729308843612671
0.6914568543434143
0.9947267770767212
0.8873663544654846
0.9817035794258118
0.7459244728088379
0.42862337827682495
0.8900977969169617
0.9926782250404358
0.40257352590560913
0.8540099859237671
0.3491067886352539
0.8839903473854065
0.891538143157959
0.9885501265525818
0.34768593311309814
0.9947665929794312
0.8794839382171631
0.9912224411964417
0.967389702796936
0.8448405861854553
0.9888162612915039
0.9042837023735046
0.8647739291191101
0.49998414516448975
0.5333322882652283
0.8723883032798767
0.882229208946228
0.7502493858337402
0.8577467799186707
0.9227357506752014
0.9871739149093628
0.9973764419555664
0.40886300802230835
0.9853711128234863
0.9081703424453735
0.9953489303588867
0.978853702545166
0.6434167623519897
0.9063099026679993
0.946704089641571
0.2622290849685669
0.9856266975402832
0.9662975668907166
0.954827070236206
0.9674299359321594
0.43930327892303467
0.6615328788757324
0.9962849617004395
0.9982971549034119
0.9920518398284912
0.9896823763847351
0.3859513998031616
0.4431559443473816
0.9464927315711975
0.8651335835456848
0.4837108254432678
0.934313952922821
0.9947797060012817
0.9801492094993591
0.9849196076393127
0.9293368458747864
0.9411141872406006
0.9293568134307861
0.9717583656311035
0.7520138621330261
0.8961177468299866
0.9290137887001038
0.6040486693382263
0.8313153982162476
0.4515119194984436
0.70875483751297
0.9205986261367798
0.98861163854599
0.998426079750061
0.9625571966171265
0.898315966129303
0.2520776689052582
0.7494437098503113
0.44909825921058655
0.9817420840263367
0.960468590259552
0.9911059737205505
0.9005756974220276
0.7588844895362854
0.9022306799888611
0.9756200909614563
0.5296832919120789
0.9425138831138611
0.9868556261062622
0.8436821103096008
0.9879776239395142
0.9825882911682129
0.7463751435279846
0.904189944267273
0.9893269538879395
0.9292405843734741
0.9322513341903687
0.990578830242157
0.8799430131912231
0.9876092672348022
0.9929847717285156
0.8386795520782471
0.8223531246185303
0.8518139719963074
0.38254591822624207
0.5953868627548218
0.7392451763153076
0.9635470509529114
0.9112072587013245
0.9796252846717834
0.9901610612869263
0.9236414432525635
0.50541090965271
0.9506562948226929
0.9720491170883179
0.5142865180969238
0.8080874085426331
0.849378764629364
0.9740245938301086
0.9121990203857422
0.9589836597442627
0.9090446829795837
0.2226942777633667
0.5441871881484985
0.9980076551437378
0.8942053914070129
0.9986255764961243
0.9911009669303894
0.9946562051773071
0.6941257119178772
0.9335030913352966
0.8150314092636108
0.9941167831420898
0.3956822454929352
0.7519143223762512
0.906388521194458
0.8835378289222717
0.5777007341384888
0.9484500885009766
0.9592936038970947
0.8413346409797668
0.9899327754974365
0.7570081949234009
0.9863893985748291
0.9879684448242188
0.9811698198318481
0.5209144353866577
0.8939818739891052
0.9960874319076538
0.8741787075996399
0.9085444808006287
0.9104738235473633
0.9941459894180298
0.9031160473823547
0.952507495880127
0.9905723333358765
0.9935416579246521
0.31776297092437744
0.44044506549835205
0.29994526505470276
0.9647145867347717
0.9954485297203064
0.997707724571228
0.8915345072746277
0.9397096633911133
0.13630519807338715
0.4287693202495575
0.4400842785835266
0.9937078952789307
0.9927150011062622
0.9410665035247803
0.8645044565200806
0.7738910913467407
0.36669257283210754
0.9838542938232422
0.9593636393547058
0.9680421352386475
0.9704380035400391
0.8489380478858948
0.9965993165969849
0.9903584122657776
0.9602583646774292
0.968051552772522
0.992649495601654
0.9327725768089294
0.9251300692558289
0.9979732036590576
0.6835730671882629
0.6236853003501892
0.994344174861908
0.9954118132591248
0.9965205192565918
0.9254122972488403
0.9797629117965698
0.492586225271225
0.8878068327903748
0.9689261317253113
0.7957398295402527
0.9985112547874451
0.9808074831962585
0.8349806070327759
0.784537136554718
0.9891691207885742
0.9986997842788696
0.7033577561378479
0.9570742845535278
0.9969283938407898
0.9241071939468384
0.9852415323257446
0.9962834715843201
0.9688695073127747
0.9921536445617676
0.9858300685882568
0.715335488319397
0.43041783571243286
0.9858142733573914
0.9886342883110046
0.9658100008964539
0.8217329978942871
0.9680393934249878
0.9806713461875916
0.8577427864074707
0.9104721546173096
0.9970477223396301
0.9434911608695984
0.980349600315094
0.8911424279212952
0.8181149959564209
0.9225925803184509
0.9794005751609802
0.9571323990821838
0.967312753200531
0.9361720681190491
0.9937466382980347
0.9934059381484985
0.9321427345275879
0.9799026250839233
0.9229912161827087
0.4296569228172302
0.991528332233429
0.9949467182159424
0.9727916121482849
0.9754779934883118
0.9646338820457458
0.8638721108436584
0.9952064752578735
0.9920424818992615
0.9618589878082275
0.9936525821685791
0.9944573640823364
0.8853567838668823
0.9483239650726318
0.6907863020896912
0.9930815100669861
0.9836733937263489
0.7480425238609314
0.924448549747467
0.9525994658470154
0.7707372903823853
0.9500975012779236
0.9973191022872925
0.9949406385421753
0.9952312111854553
0.8310423493385315
0.7772552371025085
0.9562162160873413
0.9604308605194092
0.9900956153869629
0.9073295593261719
0.7882972955703735
0.9906703233718872
0.9952197074890137
0.9659157991409302
0.9902523756027222
0.9834292531013489
0.4667191207408905
0.5606494545936584
0.9178445339202881
0.9935038685798645
0.8564509153366089
0.9144402742385864
0.4280458986759186
0.9956288933753967
0.920096218585968
0.9968003034591675
0.9449501037597656
0.9808046221733093
0.9891462922096252
0.9673883318901062
0.7205802798271179
0.6947945356369019
0.9907998442649841
0.9945934414863586
0.954497754573822
0.9830793738365173
0.9777777791023254
0.8594647645950317
0.9538519978523254
0.996732771396637
0.9185260534286499
0.8890234231948853
0.9836275577545166
0.6531952619552612
0.5951529145240784
0.9973704814910889
0.8698530793190002
0.9798322916030884
0.9275222420692444
0.21020294725894928
0.9982367753982544
0.8432230949401855
0.4576297402381897
0.9852229952812195
0.9137210845947266
0.9695145487785339
0.9501029253005981
0.9850322604179382
0.7639490365982056
0.9319236278533936
0.8467375636100769
0.9234022498130798
0.937239944934845
0.9980568289756775
0.9938414692878723
0.9689969420433044
0.8930906057357788
0.9945843815803528
0.8146182298660278
0.9715161323547363
0.5620946288108826
0.9714236855506897
0.6159368753433228
0.872412383556366
0.8857715725898743
0.9928029775619507
0.8379296064376831
0.9486424922943115
0.9662778973579407
0.4464614689350128
0.3578045070171356
0.9879488945007324
0.9945672750473022
0.3506525158882141
0.9672776460647583
0.9129587411880493
0.9632848501205444
0.9895841479301453
0.9533323049545288
0.8255839943885803
0.9000985622406006
0.855474591255188
0.7175186276435852
0.8937783241271973
0.7311408519744873
0.9311205744743347
0.9319876432418823
0.9398294687271118
0.946620762348175
0.29420119524002075
0.9674794673919678
0.9076443314552307
0.880296528339386
0.9267343878746033
0.7760551571846008
0.2702373266220093
0.9714595675468445
0.5041871666908264
0.9950476288795471
0.9426396489143372
0.9561619162559509
0.8754837512969971
0.9122446775436401
0.942986249923706
0.986796498298645
0.9747747778892517
0.9925124645233154
0.9426081776618958
0.8569478988647461
0.9435349702835083
0.9628401398658752
0.9641326069831848
0.9870724678039551
0.348541796207428
0.9635635614395142
0.9528975486755371
0.9759113192558289
0.7957364916801453
0.7751064300537109
0.9963997602462769
0.8808978796005249
0.9637380838394165
0.9540266990661621
0.9431925415992737
0.7124606966972351
0.944676399230957
0.9570353031158447
0.9757180213928223
0.3924904763698578
0.9816553592681885
0.6854427456855774
0.7469521760940552
0.8153138160705566
0.9836230874061584
0.9913193583488464
0.9990968704223633
0.9964266419410706
0.8801285624504089
0.8979170322418213
0.2917726933956146
0.8311873078346252
0.8776994943618774
0.6742973923683167
0.99561607837677
0.8330019116401672
0.9366613626480103
0.9897799491882324
0.9320636987686157
0.9951891899108887
0.8090771436691284
0.997024416923523
0.965685248374939
0.8840142488479614
0.9800868630409241
0.9664143919944763
0.9697452783584595
0.9913060665130615
0.9176705479621887
0.9914463758468628
0.9649342894554138
0.975629448890686
0.9979968070983887
0.9316451549530029
0.7719479203224182
0.09025338292121887
0.6881263852119446
0.4732886552810669
0.7922070026397705
0.9897778034210205
0.8290415406227112
0.5267841219902039
0.9968077540397644
0.8383691310882568
0.9645029306411743
0.872117817401886
0.8542301654815674
0.6593871116638184
0.7932751178741455
0.9897099137306213
0.9967133402824402
0.808793842792511
0.668684184551239
0.9812234044075012
0.9946520328521729
0.9645659327507019
0.360599160194397
0.9782900214195251
0.9938109517097473
0.9221009612083435
0.892398476600647
0.9977197647094727
0.9281649589538574
0.9988548755645752
0.9785631895065308
0.770395815372467
0.9592093229293823
0.4901663661003113
0.4501165449619293
0.949096143245697
0.5625826716423035
0.9180378913879395
0.8587862253189087
0.8084716796875
0.9732591509819031
0.8495332598686218
0.6662642955780029
0.7704137563705444
0.618721067905426
0.8926370739936829
0.9594783782958984
0.9810733795166016
0.9617754817008972
0.40529128909111023
0.6641549468040466
0.9583891034126282
0.683670163154602
0.9310553073883057
0.3824882209300995
0.9348097443580627
0.9386515617370605
0.7953542470932007
0.8459583520889282
0.8886258006095886
0.952984094619751
0.9734168648719788
0.9930148124694824
0.8793458938598633
0.8846959471702576
0.351395845413208
0.716411828994751
0.886372983455658
0.6214168667793274
0.44340968132019043
0.9636408090591431
0.9494474530220032
0.8548718094825745
0.5080706477165222
0.8921863436698914
0.8773837685585022
0.9493933320045471
0.9216750860214233
0.8148288726806641
0.8145725131034851
0.8540188074111938
0.8757530450820923
0.9890936613082886
0.9887123703956604
0.6941176652908325
0.9466181993484497
0.9796023368835449
0.9624037742614746
0.9319652318954468
0.7206807136535645
0.9049724340438843
0.8132097721099854
0.8576796650886536
0.9943549633026123
0.9701980352401733
0.7841258645057678
0.6354438066482544
0.9241377711296082
0.9796488881111145
0.946487545967102
0.9777722954750061
0.6362547874450684
0.7783092260360718
0.9906177520751953
0.887886643409729
0.8566564321517944
0.8771580457687378
0.8302802443504333
0.985276460647583
0.9817367196083069
0.8369436860084534
0.9943804144859314
0.9960500001907349
0.9324272871017456
0.7152277231216431
0.9239439964294434
0.8199542760848999
0.9761269688606262
0.9884269833564758
0.9110640287399292
0.991740345954895
0.6124294400215149
0.550234854221344
0.30728867650032043
0.8788864016532898
0.9589263200759888
0.9303799867630005
0.7321510910987854
0.8995696902275085
0.46493861079216003
0.9390868544578552
0.6902615427970886
0.9538915753364563
0.13309283554553986
0.9937626719474792
0.9822061061859131
0.9954107403755188
0.9766634106636047
0.9755933880805969
0.8873670697212219
0.6326703429222107
0.4573322832584381
0.9817960262298584
0.936469554901123
0.921798050403595
0.9705743193626404
0.9182746410369873
0.44931697845458984
0.6843623518943787
0.9711352586746216
0.9262731671333313
0.9339834451675415
0.9981353282928467
0.8730170726776123
0.9059634804725647
0.9370253682136536
0.9124103784561157
0.8396357893943787
0.9707207083702087
0.9665510654449463
0.3267003893852234
0.7335414886474609
0.8991812467575073
0.9888859391212463
0.9927150011062622
0.6839269399642944
0.4194124937057495
0.9653182029724121
0.867612898349762
0.5171549320220947
0.45638906955718994
0.7477658987045288
0.9606830477714539
0.9496194124221802
0.9886904954910278
0.9342847466468811
0.9474732875823975
0.9786529541015625
0.7170276045799255
0.5939082503318787
0.9902453422546387
0.9938976168632507
0.978872537612915
0.9097750782966614
0.9564957618713379
0.9890520572662354
0.9956035017967224
0.9534878730773926
0.5917554497718811
0.9646649360656738
0.9899172782897949
0.9818270206451416
0.6766490340232849
0.7347920536994934
0.9863532185554504
0.8349682092666626
0.8055209517478943
0.9517635107040405
0.9831634163856506
0.9337871670722961
0.992458164691925
0.9951581954956055
0.24069398641586304
0.998701274394989
0.5268728137016296
0.9901925325393677
0.7948910593986511
0.9722158312797546
0.9866114258766174
0.8626294136047363
0.9940595030784607
0.7800630927085876
0.8250065445899963
0.33567914366722107
0.5217854380607605
0.974335789680481
0.994361400604248
0.9775328040122986
0.5726223587989807
0.9362619519233704
0.14425362646579742
0.4452837407588959
0.9223438501358032
0.3991924226284027
0.8295151591300964
0.9677659273147583
0.8471337556838989
0.9429236054420471
0.9875749349594116
0.8030667901039124
0.9922115802764893
0.8803102970123291
0.7725260257720947
0.6619574427604675
0.738800585269928
0.9987376928329468
0.9967672824859619
0.7946608066558838
0.5189163088798523
0.728300929069519
0.9830848574638367
0.33204030990600586
0.9966393709182739
0.9585321545600891
0.6330487728118896
0.9895533323287964
0.9966862797737122
0.8588945269584656
0.5039573907852173
0.9147063493728638
0.33077913522720337
0.9671373963356018
0.8747711777687073
0.941437840461731
0.986388087272644
0.8129541873931885
0.9930577278137207
0.9618628621101379
0.9896388053894043
0.9866767525672913
0.992094874382019
0.9311838150024414
0.43128278851509094
0.9766370058059692
0.8660551309585571
0.9762263298034668
0.232236847281456
0.9268307685852051
0.7113022208213806
0.8546303510665894
0.9867854118347168
0.9344305396080017
0.9625447392463684
0.979116678237915
0.9825290441513062
0.6632577180862427
0.9454252123832703
0.4779353737831116
0.9504135847091675
0.689732551574707
0.909317135810852
0.6559029221534729
0.9828271269798279
0.9887195825576782
0.9799091815948486
0.7425225973129272
0.3834202289581299
0.9186285138130188
0.9826846718788147
0.9489935040473938
0.9788717031478882
0.531001091003418
0.9849212765693665
0.9617940783500671
0.8850264549255371
0.844065248966217
0.897919774055481
0.9773927927017212
0.9365552663803101
0.9663100838661194
0.6330854296684265
0.9558016657829285
0.8958924412727356
0.9813269376754761
0.9058398008346558
0.7446075081825256
0.6781144142150879
0.9846505522727966
0.8967568278312683
0.7877490520477295
0.9965224266052246
0.982999861240387
0.9862948060035706
0.48056167364120483
0.8647773265838623
0.9714243412017822
0.9371453523635864
0.6986604332923889
0.767367422580719
0.767905056476593
0.8924329280853271
0.9767904281616211
0.9923785924911499
0.9777570962905884
0.9661532044410706
0.9974690079689026
0.8855918049812317
0.9422973990440369
0.9128786325454712
0.9159135818481445
0.9748684167861938
0.9688752293586731
0.9919455647468567
0.974111020565033
0.9369499683380127
0.9620987176895142
0.9814149141311646
0.9903568625450134
0.9989596009254456
0.7013681530952454
0.9768539071083069
0.9906119704246521
0.8410778641700745
0.952502965927124
0.9640002846717834
0.9466847777366638
0.9935038089752197
0.989169180393219
0.9341161251068115
0.9515779614448547
0.9941182732582092
0.8861570358276367
0.9859952926635742
0.5807721018791199
0.9854828119277954
0.4849085509777069
0.8383987545967102
0.9857380390167236