0.9770115613937378
0.9019286036491394
0.9894002676010132
0.9670747518539429
0.9909278750419617
0.9861091375350952
0.9204643964767456
0.9943376183509827
0.9904269576072693
0.9878742694854736
0.8582059144973755
0.49021363258361816
0.7246028780937195
0.9791780710220337
0.903220534324646
0.882756233215332
0.9555611610412598
0.8044625520706177
0.806513249874115
0.9041116833686829
0.9144394397735596
0.9908016920089722
0.9909375905990601
0.8890730738639832
0.9813801050186157
0.9650879502296448
0.9592961072921753
0.9903321862220764
0.9748550057411194
0.954860508441925
0.8745266795158386
0.8998041749000549
0.9155551791191101
0.9661275744438171
0.7734101414680481
0.8901035189628601
0.9257751703262329
0.9548150300979614
0.6806910037994385
0.9792898893356323
0.9831005930900574
0.9963329434394836
0.07833800464868546
0.9948402047157288
0.685714066028595
0.9086281657218933
0.4378148913383484
0.9567692279815674
0.9322249889373779
0.9876307249069214
0.9562013745307922
0.9894832968711853
0.6685665845870972
0.7000786662101746
0.7166383862495422
0.728481650352478
0.9034714698791504
0.8084913492202759
0.8938658237457275
0.9653095006942749
0.9368257522583008
0.9233758449554443
0.8252940773963928
0.5379909873008728
0.9972922801971436
0.926332950592041
0.888502836227417
0.8625032901763916
0.9267377853393555
0.9663164019584656
0.8262685537338257
0.9901074767112732
0.8782134056091309
0.9565255045890808
0.9605459570884705
0.5581133961677551
0.9146189093589783
0.9106637239456177
0.637421190738678
0.49483394622802734
0.8673821687698364
0.9546952247619629
0.9804538488388062
0.9313125610351562
0.9984309673309326
0.9873330593109131
0.644993782043457
0.9531500935554504
0.2979414463043213
0.9680062532424927
0.9643741250038147
0.9362601041793823
0.9326273798942566
0.863303542137146
0.8570849895477295
0.9818663597106934
0.636534571647644
0.8108593225479126
0.9520372748374939
0.9929335713386536
0.9599823355674744
0.9943428039550781
0.9937372803688049
0.9388497471809387
0.7729741334915161
0.8443583846092224
0.9976623058319092
0.7966373562812805
0.45595160126686096
0.9946908354759216
0.9973825216293335
0.9631403684616089
0.30598172545433044
0.8609594106674194
0.8230736255645752
0.74675053358078
0.7865766286849976
0.8638954758644104
0.4429742991924286
0.8662760257720947
0.9968760013580322
0.9748842716217041
0.9223347902297974
0.9865783452987671
0.9914878606796265
0.5584933161735535
0.8160037398338318
0.8174416422843933
0.9517403244972229
0.9884130954742432
0.9698403477668762
0.956899881362915
0.9262831211090088
0.9362667202949524
0.9846407175064087
0.9917858242988586
0.8184148669242859
0.9629484415054321
0.978080153465271
0.9167580604553223
0.9934903979301453
0.7424066662788391
0.9822931289672852
0.9543277621269226
0.4905974566936493
0.930462121963501
0.9595479965209961
0.29176411032676697
0.8948168754577637
0.43520697951316833
0.8293485045433044
0.9934247732162476
0.9725293517112732
0.6807149648666382
0.9247115850448608
0.932927131652832
0.93233323097229
0.9383133053779602
0.9653382301330566
0.9837521314620972
0.9869364500045776
0.9838548898696899
0.8597578406333923
0.563363790512085
0.916254460811615
0.8262723088264465
0.9449208378791809
0.9238616228103638
0.9478961825370789
0.9976388216018677
0.9681368470191956
0.9941692352294922
0.6292345523834229
0.5695767998695374
0.9322484731674194
0.7357500195503235
0.9462602734565735
0.7992091178894043
0.9839996695518494
0.9234456419944763
0.9852185249328613
0.9933508038520813
0.8628686666488647
0.8824633359909058
0.9353083372116089
0.7073026895523071
0.9888301491737366
0.9978889226913452
0.9214932322502136
0.9214444756507874
0.9888306260108948
0.9730878472328186
0.922921895980835
0.7673279047012329
0.9567499160766602
0.31780508160591125
0.9710718393325806
0.5008075833320618
0.9951943159103394
0.9422755241394043
0.9800963401794434
0.9820919632911682
0.8570253252983093
0.9839031100273132
0.968597412109375
0.9269667863845825
0.9933965802192688
0.6071057319641113
0.9531849026679993
0.7771165370941162
0.9869921207427979
0.9883260726928711
0.9269523620605469
0.6928269267082214
0.5821061134338379
0.9735393524169922
0.9534655213356018
0.6997314095497131
0.5465869903564453
0.9579259753227234
0.9763242602348328
0.9902139902114868
0.9075371026992798
0.6901497840881348
0.7417141199111938
0.9951788187026978
0.41560566425323486
0.9324643015861511
0.9409784078598022
0.8140109181404114
0.42195144295692444
0.9746577143669128
0.9404239654541016
0.6204708814620972
0.9922342896461487
0.5373492240905762
0.9092830419540405
0.9432143568992615
0.7350081205368042
0.5209852457046509
0.4251645803451538
0.9863390922546387
0.9820607304573059
0.9707311391830444
0.8360970616340637
0.1824641227722168
0.9116628170013428
0.6765158772468567
0.9850409030914307
0.9780879616737366
0.9575794339179993
0.9449204802513123
0.9600918889045715
0.9089168906211853
0.545082151889801
0.9673236012458801
0.6376665830612183
0.995376467704773
0.7115334868431091
0.9716165065765381
0.45771437883377075
0.9279593229293823
0.848639190196991
0.8499447107315063
0.9672080874443054
0.9962534308433533
0.9948610067367554
0.8741651773452759
0.9927586913108826
0.9554433226585388
0.5557861328125
0.993448793888092
0.9056474566459656
0.998966634273529
0.48526108264923096
0.9619674682617188
0.8386716842651367
0.9787887334823608
0.9508604407310486
0.9937622547149658
0.9382402300834656
0.562521755695343
0.9582135677337646
0.9895606637001038
0.9162634015083313
0.9368069767951965
0.2418261021375656
0.9976839423179626
0.7956871390342712
0.8537096381187439
0.986146867275238
0.955509603023529
0.96380615234375
0.9526807069778442
0.8171619772911072
0.7939339876174927
0.8402255773544312
0.9074321985244751
0.9812617301940918
0.9545325040817261
0.9839953184127808
0.9675371050834656
0.9110321998596191
0.9475752711296082
0.9722815752029419
0.9889832735061646
0.9760165810585022
0.9548619389533997
0.5826611518859863
0.368516206741333
0.9939515590667725
0.6076099872589111
0.8641665577888489
0.8343346118927002
0.9911160469055176
0.9935275316238403
0.9849429726600647
0.3918772339820862
0.7982220649719238
0.8759767413139343
0.6576023101806641
0.8086665868759155
0.9941308498382568
0.7765271067619324
0.9962108731269836
0.9834555387496948
0.9565187096595764
0.9924215078353882
0.8544877767562866
0.9938406944274902
0.7702333927154541
0.6878985166549683
0.8515079021453857
0.721820592880249
0.7737822532653809
0.6365914940834045
0.9549989104270935
0.8394299149513245
0.8937145471572876
0.4289259910583496
0.9552320837974548
0.9565609097480774
0.9089421033859253
0.9746896028518677
0.9968733191490173
0.9934555292129517
0.9861789345741272
0.9707182049751282
0.9896130561828613
0.46297717094421387
0.9187281727790833
0.9011940360069275
0.9893625974655151
0.683246910572052
0.9721434116363525
0.8849703669548035
0.9494608044624329
0.9691588282585144
0.9366857409477234
0.9966176152229309
0.9894219636917114
0.5370374917984009
0.25552836060523987
0.9926446676254272
0.8844326734542847
0.9900218844413757
0.48071566224098206
0.9962232112884521
0.9914218783378601
0.9185314774513245
0.955523669719696
0.8347147107124329
0.9667477607727051
0.9904646873474121
0.9747048020362854
0.9759038090705872
0.9021010994911194
0.9977551102638245
0.7381089925765991
0.9905568361282349
0.9808210730552673
0.9754543900489807
0.9242041707038879
0.893232524394989
0.9322541356086731
0.514542818069458
0.9452303051948547
0.9674203991889954
0.907890260219574
0.961607813835144
0.48551201820373535
0.5483511090278625
0.9491192102432251
0.9518107771873474
0.9926266074180603
0.8734412789344788
0.8989169001579285
0.9230279922485352
0.7960390448570251
0.9444766640663147
0.42616403102874756
0.9415361285209656
0.40705546736717224
0.7388181686401367
0.8600454926490784
0.9889200925827026
0.9312025904655457
0.9642720818519592
0.9243116974830627
0.9814497828483582
0.9755477905273438
0.9941849112510681
0.9657577276229858
0.9028561115264893
0.9878118634223938
0.8852634429931641
0.43939322233200073
0.6936011910438538
0.9547434449195862
0.9962220788002014
0.6746500134468079
0.9887043237686157
0.9931901693344116
0.6939772367477417
0.9298619627952576
0.7852867841720581
0.9878666400909424
0.9913766980171204
0.9702840447425842
0.9148620963096619
0.9128071665763855
0.8758943676948547
0.9845291972160339
0.8804324865341187
0.9871051907539368
0.9711891412734985
0.9343203902244568
0.95414799451828
0.8136383891105652
0.9896824359893799
0.888605535030365
0.967166543006897
0.5075362324714661
0.9644045233726501
0.9815754294395447
0.9409049153327942
0.9467841982841492
0.8131235837936401
0.9956445693969727
0.995228111743927
0.9727317094802856
0.6401659846305847
0.9976163506507874
0.9263656139373779
0.49939343333244324
0.7778780460357666
0.9992538094520569
0.9067255258560181
0.9927645921707153
0.8805360198020935
0.9204424023628235
0.9964699149131775
0.6683593988418579
0.9613023996353149
0.7231101393699646
0.9058653116226196
0.9714179635047913
0.9892708659172058
0.6551390886306763
0.9620692729949951
0.9843165874481201
0.9931862950325012
0.9682303667068481
0.945643961429596
0.8695706725120544
0.8715144991874695
0.9901505708694458
0.9464789032936096
0.9399874210357666
0.8163686394691467
0.8818146586418152
0.9828586578369141
0.3022296726703644
0.8802759051322937
0.9354066252708435
0.932893693447113
0.9411678910255432
0.9957677721977234
0.5702293515205383
0.9991011619567871
0.9917356371879578
0.9822069406509399
0.9941779375076294
0.9170980453491211
0.9852550029754639
0.9986053109169006
0.955479085445404
0.9437456727027893
0.9945847988128662
0.8345709443092346
0.9876052141189575
0.9827368855476379
0.5060890913009644
0.9687176942825317
0.7841603755950928
0.8835656642913818
0.8748136162757874
0.957571804523468
0.9805539846420288
0.5472816228866577
0.7869865298271179
0.5525385737419128
0.39247027039527893
0.32523420453071594
0.9937583804130554
0.9010347723960876
0.781509518623352
0.9706187844276428
0.9959022402763367
0.4304957687854767
0.9865302443504333
0.708368182182312
0.9936736822128296
0.9099252820014954
0.8873663544654846
0.9663540124893188
0.7962705492973328
0.872052013874054
0.18268942832946777
0.8768311738967896
0.8567895293235779
0.4623875319957733
0.6554463505744934
0.9592654705047607
0.891538143157959
0.9885501265525818
0.9601142406463623
0.7072526216506958
0.7288858294487
0.9912224411964417
0.9389788508415222
0.8448405861854553
0.9888162612915039
0.9042837023735046
0.8647739291191101
0.9806064367294312
0.936867892742157
0.23193800449371338
0.5539426207542419
0.7596672773361206
0.678972601890564
0.9651982188224792
0.9871739149093628
0.8258880972862244
0.9650658369064331
0.9853711128234863
0.9081703424453735
0.9953489303588867
0.978853702545166
0.6434167623519897
0.8640277981758118
0.946704089641571
0.33571481704711914
0.78349769115448
0.6459893584251404
0.954827070236206
0.9982483386993408
0.98427414894104
0.6722485423088074
0.8862565159797668
0.9982971549034119
0.9390158653259277
0.9896823763847351
0.8043677806854248
0.4431559443473816
0.9341594576835632
0.9000039100646973
0.9340486526489258
0.8582804203033447
0.9947797060012817
0.9801492094993591
0.9849196076393127
0.9202305674552917
0.9411141872406006
0.977891743183136
0.9717583656311035
0.6034011244773865
0.975990891456604
0.6695039868354797
0.8939767479896545
0.8077103495597839
0.8340625762939453
0.884661853313446
0.9603304266929626
0.9711340665817261
0.998426079750061
0.9625571966171265
0.845798909664154
0.17868438363075256
0.9561240077018738
0.8011372089385986
0.932309091091156
0.9603010416030884
0.9835525751113892
0.32236847281455994
0.8647015690803528
0.9024787545204163
0.9758006930351257
0.9724505543708801
0.9429188966751099
0.9609203934669495
0.9924874305725098
0.441340833902359
0.492798775434494
0.7471157312393188
0.1568198800086975
0.914483904838562
0.9284531474113464
0.30229902267456055
0.8945902585983276
0.7273014187812805
0.7780255675315857
0.9801567196846008
0.7109434604644775
0.8227670788764954
0.8515328168869019
0.14091286063194275
0.9790739417076111
0.9887193441390991
0.963856041431427
0.9115647673606873
0.49597659707069397
0.990384578704834
0.9241939187049866
0.9307988882064819
0.949783444404602
0.9718753695487976
0.9882908463478088
0.9113987684249878
0.8514639735221863
0.24923135340213776
0.5448319911956787
0.9593245983123779
0.7021259665489197
0.22344689071178436
0.5443307161331177
0.9951308369636536
0.9431859254837036
0.998615562915802
0.9706041812896729
0.9946562051773071
0.6941257119178772
0.9962922930717468
0.9638034701347351
0.9941167831420898
0.5078927278518677
0.9893232583999634
0.906388521194458
0.9808773398399353
0.8942676186561584
0.35142818093299866
0.9592936038970947
0.8413346409797668
0.4051784873008728
0.8722608685493469
0.6699942946434021
0.9572601318359375
0.6101651787757874
0.5939130783081055
0.811837911605835
0.3084232807159424
0.8741787075996399
0.8330121636390686
0.9104738235473633
0.8605080842971802
0.9020684957504272
0.8638209700584412
0.9912511110305786
0.9935416579246521
0.6806971430778503
0.44044506549835205
0.9461973905563354
0.9647145867347717
0.9602574110031128
0.997707724571228
0.8915345072746277
0.9709666967391968
0.9619529843330383
0.19397257268428802
0.5784235000610352
0.9937078952789307
0.9927150011062622
0.9410665035247803
0.9425132870674133
0.9781695008277893
0.930170476436615
0.8571666479110718
0.9593636393547058
0.9680421352386475
0.5456902384757996
0.8489380478858948
0.9635589122772217
0.4114687740802765
0.9602583646774292
0.968051552772522
0.9832726716995239
0.8356750011444092
0.9311818480491638
0.9827494621276855
0.6713744401931763
0.9511041641235352
0.994344174861908
0.7640302777290344
0.9965205192565918
0.9254122972488403
0.9419533014297485
0.9807358980178833
0.8899743556976318
0.9689261317253113
0.7957398295402527
0.9985112547874451
0.9297879934310913
0.9880496263504028
0.9870789647102356
0.9891691207885742
0.9986997842788696
0.35833740234375
0.9570742845535278
0.9969283938407898
0.9241071939468384
0.9207697510719299
0.9962834715843201
0.6644625067710876
0.9921536445617676
0.9898048639297485
0.9902781248092651
0.9855673313140869
0.9974843263626099
0.9886342883110046
0.9658100008964539
0.9934351444244385
0.9099614024162292
0.9806713461875916
0.9825945496559143
0.611941397190094
0.9970477223396301
0.5649349689483643
0.9394019842147827
0.8911424279212952
0.8181149959564209
0.38050591945648193
0.9794005751609802
0.9327207207679749
0.967312753200531
0.9318265914916992
0.9937466382980347
0.8759389519691467
0.9321427345275879
0.9135052561759949
0.9883987307548523
0.25080737471580505
0.785999059677124
0.9949467182159424
0.8735689520835876
0.9955940246582031
0.6528989672660828
0.30978602170944214
0.9952064752578735
0.9920424818992615
0.2966826558113098
0.9936525821685791
0.8036357760429382
0.9271984696388245
0.9483239650726318
0.981207013130188
0.9889024496078491
0.8512254357337952
0.7480425238609314
0.9515217542648315
0.9280111789703369
0.9807654619216919
0.9310338497161865
0.9973191022872925
0.9949406385421753
0.9952312111854553
0.816103994846344
0.707348644733429
0.8577388525009155
0.9604308605194092
0.9900956153869629
0.9073295593261719
0.7882972955703735
0.9906703233718872
0.8695008158683777
0.9659157991409302
0.9052647948265076
0.9834292531013489
0.4667191207408905
0.44089147448539734
0.9240840673446655
0.6947444081306458
0.4335611164569855
0.9144402742385864
0.9565126895904541
0.8785143494606018
0.9867801070213318
0.6352488994598389
0.9449501037597656
0.9293920993804932
0.8879422545433044
0.9673883318901062
0.7205802798271179
0.4676109552383423
0.9907998442649841
0.9945934414863586
0.954497754573822
0.956165611743927
0.9803194403648376
0.7797366380691528
0.9538519978523254
0.996732771396637
0.9921092987060547
0.38556167483329773
0.951824426651001
0.6531952619552612
0.5041525363922119
0.9973704814910889
0.8800230026245117
0.9559946060180664
0.9970052242279053
0.102436862885952
0.8827751874923706
0.9630022644996643
0.9125603437423706
0.5379632711410522
0.06846407800912857
0.9695145487785339
0.8703948259353638
0.8794125318527222
0.47767558693885803
0.9319236278533936
0.9674347639083862
0.9567869901657104
0.937239944934845
0.9980568289756775
0.9699949026107788
0.969630241394043
0.8810271620750427
0.9945843815803528
0.5988675355911255
0.9972394704818726
0.5620946288108826
0.9714236855506897
0.6159368753433228
0.9466720223426819
0.3104565739631653
0.7514658570289612
0.7698381543159485
0.9486424922943115
0.9784587025642395
0.953266441822052
0.6999467611312866
0.9561158418655396
0.9945672750473022
0.8929622173309326
0.9672776460647583
0.9129587411880493
0.7814030051231384
0.47089335322380066
0.15281790494918823
0.9790788888931274
0.9006642699241638
0.8354526162147522
0.9739342927932739
0.43931347131729126
0.654281735420227
0.9311205744743347
0.6235092878341675
0.9398294687271118
0.7825523614883423
0.6019344329833984
0.9674794673919678
0.9567353129386902
0.8669717907905579
0.9267343878746033
0.7333645820617676
0.96507728099823
0.9714595675468445
0.3067161738872528
0.9950476288795471
0.9440364241600037
0.9561619162559509
0.6619306206703186
0.9122446775436401
0.942986249923706
0.5403134822845459
0.9747747778892517
0.9103298187255859
0.9426081776618958
0.14591124653816223
0.9442987442016602
0.8903422355651855
0.9412579536437988
0.9872572422027588
0.34867483377456665
0.9700455069541931
0.9528897404670715
0.8886638283729553
0.9915074706077576
0.41695910692214966
0.9718563556671143
0.4295567572116852
0.9289563894271851
0.5960866808891296
0.9434279799461365
0.7542471885681152
0.9452629089355469
0.9573124647140503
0.990168571472168
0.39406484365463257
0.7746685743331909
0.9686698317527771
0.746866762638092
0.9724884629249573
0.9836609959602356
0.7009343504905701
0.9060795903205872
0.867935836315155
0.8815114498138428
0.8981621861457825
0.20727351307868958
0.7896366119384766
0.9773861169815063
0.6752681732177734
0.9956216812133789
0.9756829738616943
0.47719836235046387
0.9897400140762329
0.9694339632987976
0.9858030676841736
0.9175960421562195
0.9424514174461365
0.7829409837722778
0.8838284015655518
0.9803149104118347
0.9670145511627197
0.9697842597961426
0.9914534091949463
0.7030272483825684
0.9914813041687012
0.9933778643608093
0.975629448890686
0.9979968070983887
0.9316451549530029
0.8909686207771301
0.877859890460968
0.9705819487571716
0.9477930068969727
0.8768578767776489
0.9897778034210205
0.9810791611671448
0.9536134600639343
0.7138321995735168
0.36494407057762146
0.9645029306411743
0.9853555560112
0.8542301654815674
0.9876350164413452
0.7932751178741455
0.9897099137306213
0.5844400525093079
0.808793842792511
0.8497189283370972
0.844987154006958
0.7789060473442078
0.9645659327507019
0.1332217901945114
0.9218136668205261
0.7989944815635681
0.9104757308959961
0.892398476600647
0.9977197647094727
0.9281649589538574
0.9988548755645752
0.9566211700439453
0.770395815372467
0.7777412533760071
0.9483829140663147
0.4601180851459503
0.798922061920166
0.9406664371490479
0.9180378913879395
0.6616581678390503
0.2668617367744446
0.9732591509819031
0.9619229435920715
0.4934541583061218
0.9622638821601868
0.2764912247657776
0.9210407137870789
0.850671648979187
0.8851200342178345
0.8603524565696716
0.12486131489276886
0.6641549468040466
0.9067418575286865
0.9799723625183105
0.9310553073883057
0.7706233859062195
0.8567920327186584
0.6318124532699585
0.9815055727958679
0.49744048714637756
0.8541151285171509
0.5402399301528931
0.9734168648719788
0.9930148124694824
0.8793458938598633
0.8846959471702576
0.4133302867412567
0.9025474190711975
0.8875206112861633
0.9563116431236267
0.9652201533317566
0.9636408090591431
0.9290257096290588
0.44649189710617065
0.5080706477165222
0.9942168593406677
0.9977759122848511
0.7537333965301514
0.9216750860214233
0.9917418956756592
0.8145725131034851
0.9801968336105347
0.6748244762420654
0.9890936613082886
0.9887123703956604
0.9762356281280518
0.35524189472198486
0.9796023368835449
0.9356809258460999
0.8068706393241882
0.9927462935447693
0.8828867673873901
0.25260454416275024
0.8701128959655762
0.9758237600326538
0.9851198792457581
0.9675663709640503
0.9985138177871704
0.8558938503265381
0.8258535265922546
0.7416847348213196
0.8785957098007202
0.2397100329399109
0.43024060130119324
0.8154852986335754
0.40050041675567627
0.34289488196372986
0.5794579982757568
0.9586655497550964
0.9169878363609314
0.9817642569541931
0.4516439139842987
0.6937151551246643
0.9845516085624695
0.9653264880180359
0.7152277231216431
0.9168460965156555
0.8199542760848999
0.9761269688606262
0.9884269833564758
0.9450283050537109
0.8594217896461487
0.9948899149894714
0.8773679733276367
0.9936191439628601
0.9444543123245239
0.8087472319602966
0.5570141673088074
0.9633975625038147
0.7139719724655151
0.19672997295856476
0.9390868544578552
0.7845661640167236
0.9538915753364563
0.9479312300682068
0.9937626719474792
0.9822061061859131
0.9954107403755188
0.9702553153038025
0.9755933880805969
0.8873670697212219
0.6818629503250122
0.9690452814102173
0.9817960262298584
0.936469554901123
0.7305242419242859
0.9051865935325623
0.9868872761726379
0.9083788394927979
0.9392750859260559
0.9711352586746216
0.9262731671333313
0.9339834451675415
0.9981353282928467
0.8730170726776123
0.9316398501396179
0.7240138053894043
0.8993669152259827
0.8396357893943787
0.36263352632522583
0.9665510654449463
0.8436978459358215
0.9665564894676208
0.8854600787162781
0.8024631142616272
0.9927150011062622
0.6839269399642944
0.7783453464508057
0.9683218002319336
0.8022865056991577
0.3044902980327606
0.8430086970329285
0.7477658987045288
0.9606830477714539
0.591916561126709
0.9886904954910278
0.9342847466468811
0.9474732875823975
0.9786529541015625
0.7912188172340393
0.799176037311554
0.9902453422546387
0.9938976168632507
0.8229214549064636
0.3953055143356323
0.9471302628517151
0.9890520572662354
0.9956035017967224
0.9534878730773926
0.49181216955184937
0.9646649360656738
0.9272537231445312
0.9818270206451416
0.6766490340232849
0.7347920536994934
0.9395286440849304
0.9361741542816162
0.9434987306594849
0.9518175721168518
0.900539219379425
0.9852563142776489
0.8321555852890015
0.5868305563926697
0.5168220400810242
0.8455454707145691
0.9495335817337036
0.990352988243103
0.9852256774902344
0.9722374081611633
0.9818788170814514
0.8616037368774414
0.9941195845603943
0.7817134261131287
0.9992534518241882
0.9147118926048279
0.8973044157028198
0.7472482323646545
0.9943722486495972
0.752830445766449
0.9803653359413147
0.9367645382881165
0.1444578766822815
0.641356348991394
0.4471699595451355
0.33959904313087463
0.5668677687644958
0.9677027463912964
0.9832784533500671
0.9426866173744202
0.8208706974983215
0.7987952828407288
0.9640180468559265
0.9867653250694275
0.5940769910812378
0.9742364883422852
0.24052295088768005
0.6050801873207092
0.8602214455604553
0.95454341173172
0.9886932969093323
0.894889235496521
0.8158976435661316
0.33501580357551575
0.9966264367103577
0.9591149687767029
0.9550178050994873
0.9539605379104614
0.9967114925384521
0.9065784811973572
0.9865644574165344
0.9598943591117859
0.9526482820510864
0.2547455430030823
0.8746722936630249
0.9928429126739502
0.9865752458572388
0.9356716275215149
0.9862079620361328
0.9688113331794739
0.91796875
0.9923385381698608
0.9634217023849487
0.9784007668495178
0.3727220594882965
0.9765686392784119
0.9473310708999634
0.9762560129165649
0.8891757130622864
0.9865442514419556
0.424380898475647
0.8551595211029053
0.9868710041046143
0.9349051713943481
0.972968578338623
0.9794899225234985
0.982488751411438
0.21561376750469208
0.5123568773269653
0.4791954755783081
0.9506027698516846
0.9900550246238708
0.9916660189628601
0.7787070870399475
0.982895016670227
0.9948760271072388
0.9801433086395264
0.9772161245346069
0.25023534893989563
0.6610910296440125
0.8052634596824646
0.9745239615440369
0.3617495894432068
0.5308195948600769
0.49835214018821716
0.8274214863777161
0.9743470549583435
0.8198832869529724
0.8473342657089233
0.9773927927017212
0.9432452917098999
0.9663100838661194
0.816826343536377
0.5961586833000183
0.9973915219306946
0.8510645627975464
0.99657142162323
0.9842274785041809
0.9943300485610962
0.9846505522727966
0.7828470468521118
0.5724712610244751
0.9950405955314636
0.982999861240387
0.8620975017547607
0.981074869632721
0.9767921566963196
0.9766144156455994
0.9371453523635864
0.6986604332923889
0.767367422580719
0.552193820476532
0.7076279520988464
0.9767904281616211
0.700380802154541
0.9777570962905884
0.9661532044410706
0.7866374850273132
0.971840500831604
0.9422973990440369
0.9184309840202332
0.9159135818481445
0.9748684167861938
0.9914935827255249
0.9919455647468567
0.974111020565033
0.881902813911438
0.9620987176895142
0.9814149141311646
0.7508243918418884
0.5271813869476318
0.7013681530952454
0.9768539071083069
0.9906119704246521
0.7855842113494873
0.952502965927124
0.9640002846717834
0.9770906567573547
0.9935060739517212
0.9892860054969788
0.9351100325584412
0.9519177675247192
0.9924803972244263
0.9112067818641663
0.9860172867774963
0.6003621220588684
0.9855294823646545
0.7069950699806213
0.9854363799095154
0.8666567802429199