0.8781328201293945
0.9960982799530029
0.9645616412162781
0.9742125272750854
0.9175551533699036
0.8316372036933899
0.9102043509483337
0.6688648462295532
0.9795195460319519
0.9159225821495056
0.9505705237388611
0.9388339519500732
0.9517014026641846
0.9456333518028259
0.9085690975189209
0.8345597982406616
0.6533380150794983
0.8549729585647583
0.9956647157669067
0.9335530996322632
0.998889148235321
0.9662357568740845
0.9278759360313416
0.6554819345474243
0.9696988463401794
0.5612862706184387
0.8943544030189514
0.896943211555481
0.9414124488830566
0.8696098327636719
0.9797545671463013
0.7781294584274292
0.9944698214530945
0.9857251048088074
0.920289933681488
0.9759811758995056
0.7086769938468933
0.9867730736732483
0.9311074018478394
0.9572986364364624
0.9932904839515686
0.9593745470046997
0.9233415722846985
0.9946084022521973
0.8065934777259827
0.9420564770698547
0.9593099355697632
0.8805392384529114
0.7921226620674133
0.5052534937858582
0.9212503433227539
0.9446271061897278
0.946952223777771
0.9308597445487976
0.9721170663833618
0.7938651442527771
0.9878974556922913
0.9909040331840515
0.8679199814796448
0.9825628399848938
0.6995972990989685
0.9696566462516785
0.9039304256439209
0.9820417165756226
0.9933178424835205
0.8207464814186096
0.992948591709137
0.9631026387214661
0.9828588962554932
0.9474864602088928
0.9629051685333252
0.9962596893310547
0.9971791505813599
0.9891405701637268
0.9899778962135315
0.8503909111022949
0.9981391429901123
0.6548635363578796
0.9846820831298828
0.9731283783912659
0.9793014526367188
0.991665244102478
0.9985861778259277
0.9846789240837097
0.9639275670051575
0.983442485332489
0.4382607340812683
0.9576852321624756
0.8632029294967651
0.893589198589325
0.9429686665534973
0.8993433117866516
0.6612401604652405
0.9916265606880188
0.9555450677871704
0.9475851058959961
0.985775887966156
0.9749575257301331
0.8459845781326294
0.9823756217956543
0.5904596447944641
0.9743135571479797
0.8587436676025391
0.889480710029602
0.9313717484474182
0.8965000510215759
0.9821723699569702
0.9672254323959351
0.8310304880142212
0.9953741431236267
0.9925685524940491
0.9612734913825989
0.9841808080673218
0.6374595761299133
0.9347785115242004
0.9797127842903137
0.9755427241325378
0.9765585064888
0.9853898882865906
0.9966122508049011
0.9460383057594299
0.9800927042961121
0.948825478553772
0.9931758046150208
0.8369573354721069
0.9723788499832153
0.9607969522476196
0.9847880601882935
0.9711574912071228
0.8550003170967102
0.8112770915031433
0.8334556818008423
0.7198826670646667
0.9890145659446716
0.9341213703155518
0.9916342496871948
0.6993358135223389
0.9670838713645935
0.2589137554168701
0.9425876140594482
0.9146422743797302
0.7252791523933411
0.995840847492218
0.9690000414848328
0.9703599214553833
0.4368331730365753
0.677114725112915
0.7772764563560486
0.8604109287261963
0.7193798422813416
0.96961909532547
0.9518232345581055
0.5940247178077698
0.9445187449455261
0.5318114161491394
0.795998215675354
0.7630825638771057
0.8773191571235657
0.9843676686286926
0.995753824710846
0.9377228617668152
0.9464515447616577
0.9779666066169739
0.42027848958969116
0.9951640963554382
0.9162304997444153
0.9591273665428162
0.38803014159202576
0.9979912638664246
0.9470846652984619
0.980361819267273
0.9858522415161133
0.9652096629142761
0.975030243396759
0.9250516295433044
0.8901962041854858
0.9425156712532043
0.6569812297821045
0.5460424423217773
0.9398371577262878
0.9803061485290527
0.9090197682380676
0.8717274069786072
0.9711982607841492
0.9743824601173401
0.8974746465682983
0.771554172039032
0.9397777915000916
0.9790417551994324
0.8302634358406067
0.47795674204826355
0.9801328182220459
0.9866604804992676
0.9017613530158997
0.9595598578453064
0.9454432725906372
0.8402950763702393
0.9930481910705566
0.9837539196014404
0.8386760354042053
0.9152838587760925
0.9934185147285461
0.9662240743637085
0.9953044056892395
0.9858571290969849
0.9958077669143677
0.974010705947876
0.9642554521560669
0.969706118106842
0.9396247267723083
0.976600170135498
0.6911842823028564
0.9916267991065979
0.995648980140686
0.9882349371910095
0.7413609027862549
0.9846667051315308
0.9899590015411377
0.8621277213096619
0.935884952545166
0.9048716425895691
0.5667039155960083
0.5216555595397949
0.5652835965156555
0.9394341111183167
0.3729892373085022
0.9835909605026245
0.9081469774246216
0.47296199202537537
0.38296714425086975
0.9625875353813171
0.9915542006492615
0.9898177981376648
0.9164334535598755
0.7837041616439819
0.9873628616333008
0.9445279836654663
0.9831670522689819
0.7929272055625916
0.9802596569061279
0.5208221077919006
0.9040292501449585
0.9993507266044617
0.9625590443611145
0.7234625816345215
0.3762335777282715
0.7314803600311279
0.8569245934486389
0.8229425549507141
0.9576671123504639
0.9660351276397705
0.9587156176567078
0.8277817964553833
0.8573474884033203
0.9470312595367432
0.7187682390213013
0.7467823028564453
0.4526965320110321
0.9852170348167419
0.9683668613433838
0.870456337928772
0.9135381579399109
0.273078978061676
0.9855528473854065
0.4887716472148895
0.9811078310012817
0.9457908868789673
0.9657382369041443
0.9010888934135437
0.3573320806026459
0.8945752382278442
0.9005466103553772
0.33958402276039124
0.9520993232727051
0.704411506652832
0.5312811136245728
0.8482778668403625
0.779154896736145
0.9202014803886414
0.9015263915061951
0.9964295625686646
0.9396106600761414
0.9954885840415955
0.9696525931358337
0.9693664908409119
0.9948716759681702
0.9924688339233398
0.9682156443595886
0.9706141352653503
0.9904583096504211
0.9563395380973816
0.9636260867118835
0.8854488134384155
0.905188798904419
0.9467030763626099
0.9344995021820068
0.7429232001304626
0.8206900954246521
0.9367220401763916
0.972934365272522
0.9815314412117004
0.916937530040741
0.9353604316711426
0.9966877102851868
0.8382765054702759
0.9525762796401978
0.9848045110702515
0.8540188670158386
0.9042651057243347
0.9742953777313232
0.11885132640600204
0.9503476619720459
0.6378297805786133
0.9815738797187805
0.9847086071968079
0.4613921046257019
0.9473198652267456
0.9351065754890442
0.9937640428543091
0.40168020129203796
0.9360133409500122
0.8156482577323914
0.9872834086418152
0.7393244504928589
0.3989022672176361
0.9512777924537659
0.9585259556770325
0.43936991691589355
0.9517823457717896
0.9390397071838379
0.9709298610687256
0.875055193901062
0.37795764207839966
0.9045364856719971
0.9601684808731079
0.5335893630981445
0.8296512961387634
0.993756890296936
0.9277114272117615
0.95420241355896
0.9215487837791443
0.7190521955490112
0.9651401042938232
0.39252129197120667
0.1764412671327591
0.9060746431350708
0.9767503142356873
0.9851456880569458
0.9417085647583008
0.9037123322486877
0.9766755104064941
0.8251814246177673
0.9287155866622925
0.9652857184410095
0.9825088977813721
0.8200940489768982
0.9375256299972534
0.8776029348373413
0.9674649238586426
0.8518863916397095
0.9145564436912537
0.8667756915092468
0.8772093653678894
0.975184977054596
0.9186797142028809
0.5678673982620239
0.9101167917251587
0.6013264656066895
0.7466039657592773
0.9718509912490845
0.9145889282226562
0.8801822066307068
0.39530590176582336
0.29989007115364075
0.46155303716659546
0.9660069346427917
0.5724014043807983
0.826090395450592
0.9713537693023682
0.9480268359184265
0.4631914496421814
0.9914205074310303
0.9944735169410706
0.9926189184188843
0.9942343831062317
0.8739472031593323
0.42065873742103577
0.9933161735534668
0.9927660822868347
0.8881287574768066
0.8743935823440552
0.8044994473457336
0.8208153247833252
0.9335281848907471
0.7065494060516357
0.7808206081390381
0.9172945022583008
0.8365224599838257
0.9579741954803467
0.9922819137573242
0.9907087087631226
0.6505888104438782
0.9799724817276001
0.9694677591323853
0.9955191016197205
0.8833283185958862
0.9887998104095459
0.5558825731277466
0.9759801030158997
0.952805757522583
0.998321533203125
0.9809762835502625
0.8831722140312195
0.9277303218841553
0.9905909895896912
0.986970841884613
0.5070716142654419
0.9743856191635132
0.9835389256477356
0.9857017993927002
0.5415499210357666
0.25658899545669556
0.9969630837440491
0.9898289442062378
0.9442711472511292
0.9321017265319824
0.996586799621582
0.9754838347434998
0.9863009452819824
0.7315835356712341
0.9699729681015015
0.13260799646377563
0.9633843302726746
0.9676515460014343
0.9934736490249634
0.9800213575363159
0.8722257018089294
0.9821703433990479
0.98534095287323
0.7664496898651123
0.9459745287895203
0.8819121718406677
0.9338873028755188
0.8189334273338318
0.9921517372131348
0.8399471640586853
0.9632278680801392
0.6710686683654785
0.9466662406921387
0.9964897632598877
0.9792301654815674
0.9927197694778442
0.6000562310218811
0.9305381774902344
0.671302080154419
0.9755821228027344
0.9926493167877197
0.9484779834747314
0.8362961411476135
0.9883791208267212
0.9336133003234863
0.81137615442276
0.8605085611343384
0.9274018406867981
0.8938032388687134
0.9803665280342102
0.5312420725822449
0.29761719703674316
0.9091662764549255
0.4306233823299408
0.6899870038032532
0.9713683128356934
0.8795150518417358
0.5890325307846069
0.9590561985969543
0.980893611907959
0.9955041408538818
0.9837082624435425
0.9635887742042542
0.9076753854751587
0.9865633249282837
0.9220043420791626
0.9969265460968018
0.9363762140274048
0.8278300166130066
0.8112874031066895
0.8936527371406555
0.9760776162147522
0.9497041702270508
0.9117479920387268
0.963099479675293
0.9903924465179443
0.9832589626312256
0.8565768003463745
0.9830793738365173
0.9254258871078491
0.9504584670066833
0.8677178621292114
0.9955399632453918
0.9658545851707458
0.9871911406517029
0.9810935854911804
0.9796085953712463
0.9928461313247681
0.8320879340171814
0.9369829893112183
0.8270524740219116
0.7558515071868896
0.9613887667655945
0.7423645257949829
0.8721902370452881
0.9819540977478027
0.9513006806373596
0.9902614951133728
0.9898449778556824
0.8193846344947815
0.9783056974411011
0.9365527033805847
0.9907253980636597
0.9733603000640869
0.9642554521560669
0.8234749436378479
0.9905917048454285
0.9890375733375549
0.9550727009773254
0.7691429853439331
0.9987728595733643
0.9805207848548889
0.691120445728302
0.7973710298538208
0.49626585841178894
0.987326979637146
0.9673606753349304
0.9207796454429626
0.7386766672134399
0.6886137127876282
0.974134087562561
0.9180354475975037
0.9670013785362244
0.9045166969299316
0.4681044816970825
0.26085054874420166
0.9942173361778259
0.8505125045776367
0.9571028351783752
0.6854045987129211
0.961218535900116
0.5805134773254395
0.9943180084228516
0.7499359846115112
0.847869336605072
0.9216080904006958
0.5890389084815979
0.9444566965103149
0.9602331519126892
0.9700075387954712
0.5903918743133545
0.9567993879318237
0.9570430517196655
0.7425014972686768
0.9211564660072327
0.92244553565979
0.9474664330482483
0.31118887662887573
0.9251168370246887
0.8812424540519714
0.864755392074585
0.9798310399055481
0.986728310585022
0.9898862838745117
0.8610325455665588
0.9733735918998718
0.9923455715179443
0.69057697057724
0.9797236919403076
0.9775564670562744
0.9798206686973572
0.978683590888977
0.988541305065155
0.9535768032073975
0.8102862238883972
0.9923803210258484
0.9808134436607361
0.6725069284439087
0.8265042901039124
0.9724903702735901
0.9929145574569702
0.9534996747970581
0.9824647307395935
0.9574688076972961
0.4634456932544708
0.9584715366363525
0.9253735542297363
0.9985421299934387
0.997822642326355
0.9696032404899597
0.6995347738265991
0.9567742943763733
0.9726963639259338
0.9634952545166016
0.9912069439888
0.9810549020767212
0.904094398021698
0.9857693314552307
0.9770189523696899
0.9813036322593689
0.9883107542991638
0.48360708355903625
0.9539626240730286
0.9161707758903503
0.9646328687667847
0.8584802746772766
0.7372450232505798
0.919338047504425
0.7584587335586548
0.9619953036308289
0.9328075647354126
0.9591564536094666
0.871076762676239
0.9130062460899353
0.9913660287857056
0.976323127746582
0.9023370742797852
0.8568503260612488
0.9158725142478943
0.8875513672828674
0.9864311814308167
0.9108365774154663
0.857640266418457
0.8241262435913086
0.8301258087158203
0.8838018178939819
0.8973174095153809
0.9681196212768555
0.7446472644805908
0.5106485486030579
0.9841403365135193
0.9605997800827026
0.9974424242973328
0.9875332117080688
0.7194128632545471
0.9880712628364563
0.9977981448173523
0.9993087649345398
0.9974398016929626
0.9758156538009644
0.694706380367279
0.5432126522064209
0.9968495965003967
0.9849659204483032
0.9948912262916565
0.9250204563140869
0.8103693723678589
0.985884428024292
0.9134833812713623
0.5853631496429443
0.9734995365142822
0.9795814156532288
0.7674387693405151
0.7960910201072693
0.9830102920532227
0.997079074382782
0.9803358912467957
0.9947049617767334
0.9915573000907898
0.8128137588500977
0.8745187520980835
0.9960300326347351
0.971993625164032
0.9353224039077759
0.48412513732910156
0.9932642579078674
0.8644816279411316
0.6714409589767456
0.8938879370689392
0.9614384770393372
0.9326402544975281
0.36091431975364685
0.3042451739311218
0.9042198657989502
0.9364195466041565
0.8578058481216431
0.9973171949386597
0.11657779663801193
0.8321222066879272
0.6046757698059082
0.8879746198654175
0.5427069664001465
0.9489373564720154
0.9812246561050415
0.9380301237106323
0.9842103123664856
0.5685522556304932
0.9766497015953064
0.8601407408714294
0.9926413893699646
0.9376809597015381
0.9770086407661438
0.9574782848358154
0.9753744602203369
0.7121203541755676
0.9914268851280212
0.8350010514259338
0.9933882355690002
0.9521600008010864
0.935236930847168
0.9883320927619934
0.9697628617286682
0.8891767859458923
0.701515257358551
0.9677330255508423
0.9773291945457458
0.9901241660118103
0.6849267482757568
0.986535906791687
0.6812489628791809
0.925955593585968
0.408581405878067
0.8933770656585693
0.8653577566146851
0.994574785232544
0.8068991899490356
0.9986381530761719
0.9051704406738281
0.8760066628456116
0.9592667818069458
0.469419002532959
0.7495155930519104
0.9428926706314087
0.40965935587882996
0.9913520216941833
0.4623011648654938
0.9929532408714294
0.8241332173347473
0.5649330615997314
0.8040158748626709
0.9099485278129578
0.9074277281761169
0.9348141551017761
0.9709505438804626
0.9886400103569031
0.933925449848175
0.938327431678772
0.378823459148407
0.984839141368866
0.5097602009773254
0.9911909699440002
0.9726198315620422
0.20835915207862854
0.9336019158363342
0.9781580567359924
0.9821025133132935
0.8446958661079407
0.961514413356781
0.9781661629676819
0.6390544772148132
0.9722312092781067
0.9961397647857666
0.8411994576454163
0.9488437175750732
0.9450106620788574
0.926535964012146
0.978371798992157
0.9461425542831421
0.9747751355171204
0.9650157690048218
0.9891247153282166
0.9831919074058533
0.9624084830284119
0.8713932633399963
0.9886005520820618
0.8924065828323364
0.9880707263946533
0.9736379384994507
0.8514649868011475
0.7277923822402954
0.9362027645111084
0.9125151038169861
0.6197078824043274
0.928424060344696
0.8979041576385498
0.1459900438785553
0.969753086566925
0.7812768220901489
0.9191582798957825
0.9188897013664246
0.9736983180046082
0.4587017297744751
0.8546664118766785
0.9084368944168091
0.8407224416732788
0.9190031886100769
0.9418458938598633
0.868168294429779
0.5603148937225342
0.9445023536682129
0.9489917755126953
0.9800991415977478
0.9891146421432495
0.9211853742599487
0.9936557412147522
0.8576610684394836
0.23586001992225647
0.6660881638526917
0.9823184013366699
0.34807565808296204
0.9691341519355774
0.9658712148666382
0.9408848881721497
0.909292995929718
0.8853228092193604
0.7191305160522461
0.5344866514205933
0.6613165736198425
0.18142573535442352
0.8853135108947754
0.9514153003692627
0.9843582510948181
0.983425498008728
0.979914128780365
0.7792859077453613
0.9903331995010376
0.7613610029220581
0.9874117970466614
0.8378726243972778
0.9552022218704224
0.8674826622009277
0.9755762219429016
0.9720877408981323
0.9753855466842651
0.9904727935791016
0.6923536062240601
0.9861451387405396
0.9626607298851013
0.830568790435791
0.9166933298110962
0.9866455793380737
0.9966750144958496
0.97784423828125
0.9335684776306152
0.9786373376846313
0.9864471554756165
0.9832528233528137
0.9621894955635071
0.9825127720832825
0.8064160943031311
0.9831902980804443
0.7589754462242126
0.8888683915138245
0.9065236449241638
0.9961166381835938
0.952913224697113
0.9191047549247742
0.8514575362205505
0.936496913433075
0.9119523763656616
0.8707915544509888
0.9343670010566711
0.9908580183982849
0.9697930216789246
0.7238455414772034
0.9830531477928162
0.9737927913665771
0.9958720207214355
0.9916594624519348
0.9628004431724548
0.9778560400009155
0.8689724802970886
0.9409959316253662
0.9870253801345825
0.9966738820075989
0.9641092419624329
0.9962711334228516
0.9635555148124695
0.9962688684463501
0.8379796147346497
0.5073213577270508
0.888289213180542
0.9573757648468018
0.9193100929260254
0.9848507642745972
0.6838492155075073
0.9337654709815979
0.9867432713508606
0.9916106462478638
0.6866767406463623
0.9114920496940613
0.9760241508483887
0.9189943671226501
0.6870408058166504
0.6833899021148682
0.9776901602745056
0.9751418232917786
0.3766808807849884
0.9841790199279785
0.9967771172523499
0.9653257131576538
0.9399979114532471
0.995721697807312
0.9800949692726135
0.953552782535553
0.9597037434577942
0.9247411489486694
0.9959434866905212
0.9581444263458252
0.9814452528953552
0.9967499375343323
0.9893795847892761
0.9096657037734985
0.5207167267799377
0.9786518216133118
0.9008726477622986
0.971125602722168
0.98866206407547
0.9485364556312561
0.9617090225219727
0.9863834381103516
0.9589518904685974
0.99521803855896
0.9445123076438904
0.6853531002998352
0.878820538520813
0.9914809465408325
0.9026251435279846
0.992039680480957
0.9926067590713501
0.9951202273368835
0.9940089583396912
0.9908298850059509
0.9915279746055603
0.9910139441490173
0.993870735168457
0.7194733023643494
0.9557589292526245
0.9943350553512573
0.9993345737457275
0.9889956116676331
0.9939916133880615
0.9891141653060913
0.9743176698684692
0.9917495250701904
0.8670647740364075
0.9206465482711792
0.9803792238235474
0.9440432786941528
0.9656607508659363
0.8988379240036011
0.38920605182647705
0.9784999489784241
0.9856308698654175
0.8388343453407288
0.9481784701347351
0.5114890336990356
0.8878634572029114
0.9374325275421143
0.9697555303573608
0.9486492872238159
0.9212352633476257
0.9529888033866882
0.8955944180488586
0.9732842445373535
0.7046576142311096
0.8950511813163757
0.9472652077674866
0.5760407447814941
0.7490781545639038
0.4404759109020233
0.9938961863517761
0.9978847503662109
0.9771482348442078
0.5762159824371338
0.9951933026313782
0.8115430474281311
0.6711573004722595
0.9826953411102295
0.9955444931983948
0.5657663941383362
0.9419023394584656
0.9717138409614563
0.9854640960693359
0.9941971302032471
0.9811224341392517
0.5330267548561096
0.9304962158203125
0.9216985106468201
0.3179124891757965
0.7244256734848022
0.8453322649002075
0.9966075420379639
0.8954296708106995
0.9634962677955627
0.9741445779800415
0.7847341895103455
0.9656077027320862
0.9863482117652893
0.934776246547699
0.8872489929199219
0.8960543870925903
0.8509365320205688
0.9629907011985779
0.9858382344245911
0.9893494248390198
0.9759294390678406
0.7714394330978394
0.6729423403739929
0.9600784778594971
0.8879362940788269
0.9791536927223206
0.3256292939186096
0.46125826239585876
0.976348340511322
0.9547163248062134
0.9914913773536682
0.9917521476745605
0.9421854615211487
0.9084888696670532
0.9665725827217102
0.9335031509399414
0.9920003414154053
0.9955477118492126
0.9950209856033325
0.916620671749115
0.9940185546875
0.8765386343002319
0.9634652137756348
0.6975570321083069
0.6905415058135986
0.9354574680328369
0.8255969285964966
0.46828317642211914
0.8109206557273865
0.9960178136825562
0.9842804074287415
0.9790695905685425
0.42690467834472656
0.9793860912322998
0.9386386275291443
0.9069256782531738
0.8147357106208801
0.9959276914596558
0.8341190218925476
0.9308515787124634
0.9495192170143127
0.9926008582115173
0.9711773991584778
0.20161433517932892
0.9926480054855347
0.9799363017082214
0.2712830901145935
0.9729220867156982
0.45988011360168457
0.9804614782333374
0.9322706460952759
0.9638980627059937
0.9876684546470642
0.9651138782501221
0.9886478781700134
0.9778622388839722
0.994060218334198
0.9799866080284119
0.8685907125473022
0.8210849761962891
0.9340968132019043
0.9945131540298462
0.9907159805297852
0.9937198758125305
0.9975625276565552
0.9881533980369568
0.8265474438667297
0.9618764519691467
0.9347571730613708
0.6755619049072266
0.9761437773704529
0.7667346596717834
0.9860860705375671
0.8706485629081726
0.5368579030036926
0.8991225957870483
0.9623957872390747
0.972245991230011
0.9326385259628296
0.7679058909416199
0.821003794670105
0.9234395623207092
0.960272490978241
0.9886382222175598
0.9594301581382751
0.9362282156944275
0.581301212310791
0.9247604012489319
0.7086918950080872
0.6741515398025513
0.9069055318832397
0.8701738119125366
0.8790122866630554
0.9729527235031128
0.6322862505912781
0.9031664133071899
0.7731935381889343
0.8495786190032959
0.7575550675392151
0.9681113362312317
0.9185121655464172
0.9774013757705688
0.8982805609703064
0.934138834476471
0.8561666011810303
0.9839200973510742
0.685455322265625
0.9222469925880432
0.9895699620246887
0.9231780767440796
0.7866941690444946
0.9791169166564941
0.9546124339103699
0.9917088150978088
0.27261534333229065
0.8476765155792236
0.9302356243133545
0.8389222621917725
0.9738582372665405
0.7362807989120483
0.6049756407737732
0.9729747176170349
0.7651607394218445
0.8881471157073975
0.9102979898452759
0.18198421597480774
0.9774540066719055
0.9908232092857361
0.8734953999519348
0.9338715076446533
0.8996285200119019
0.9828755259513855
0.9282401204109192
0.8351293206214905
0.9631186723709106
0.8413169980049133
0.9152768850326538
0.9613327383995056
0.9435727000236511
0.8696333765983582
0.9549826979637146
0.973933756351471
0.8093737959861755
0.9975330233573914
0.9839380383491516
0.9659919738769531
0.9466783404350281
0.9501975178718567
0.9873569011688232
0.9716389775276184
0.9561707973480225
0.5113391280174255
0.9610830545425415
0.9890448451042175
0.9927725195884705
0.9762210249900818
0.6805264353752136
0.9943660497665405
0.7590945363044739
0.88645339012146
0.9702841639518738
0.9072725176811218
0.9894393682479858
0.9926486611366272
0.6169482469558716
0.9952367544174194
0.9440920948982239
0.9902865290641785
0.9934126734733582
0.9639672040939331
0.8253570199012756
0.9881544709205627
0.9688085317611694
0.9337400794029236
0.9761956334114075
0.9960688352584839
0.9621318578720093
0.984586238861084
0.9155846834182739
0.9833132028579712
0.8937385678291321
0.9352200031280518
0.9724062085151672
0.922183096408844
0.9966475367546082
0.9934862852096558
0.9907094240188599
0.9665279984474182
0.9513853788375854
0.9687318205833435
0.9894517064094543
0.9701436758041382
0.9955515265464783
0.9912136793136597
0.7396536469459534
0.98324054479599
0.9376587271690369
0.9806751012802124
0.9771826863288879
0.9564762711524963
0.9558350443840027
0.7421010136604309
0.9852232933044434
0.9936522245407104
0.7681083679199219
0.8468008637428284
0.9991563558578491
0.9957023859024048
0.9746261835098267
0.9679285883903503
0.973987877368927
0.04487353563308716
0.9561737179756165
0.8606938719749451
0.8794659972190857
0.9950810670852661
0.9632378816604614
0.8832111358642578
0.9924459457397461
0.9330689907073975
0.97048020362854
0.9241670966148376
0.7530993223190308
0.9022056460380554
0.8785463571548462
0.6325445771217346
0.9306958913803101
0.7997002601623535
0.35596317052841187
0.4341743290424347
0.975151002407074
0.7744190692901611
0.8356626629829407
0.28982722759246826
0.9031943082809448
0.7670859098434448
0.9649144411087036
0.9114432334899902
0.32654061913490295
0.9082993865013123
0.4337208569049835
0.9200733304023743
0.8320330381393433
0.6623412370681763
0.9855270385742188
0.9164848327636719
0.781079888343811
0.9555777907371521
0.9510242342948914
0.6423072814941406
0.5439088344573975
0.18158908188343048
0.8630488514900208
0.19952231645584106
0.3168833553791046
0.8803282380104065
0.943863034248352
0.9311906099319458
0.9421653747558594
0.9836356043815613
0.8201453685760498
0.9506139755249023
0.976498544216156
0.9909070134162903
0.9766828417778015
0.9831672310829163
0.8474042415618896
0.9293476343154907
0.9537402391433716
0.9859415292739868
0.7236568331718445
0.9882168769836426
0.9843637943267822
0.9610316753387451
0.9511382579803467
0.9499726891517639
0.7789319157600403
0.9790470004081726
0.9399263858795166
0.976941704750061
0.9603406190872192
0.8876619935035706
0.9478985667228699
0.7063920497894287
0.8691574931144714
0.8050464391708374
0.9063302278518677
0.9918633699417114
0.9617166519165039
0.24086737632751465
0.8190237879753113
0.8782186508178711
0.9395180344581604
0.19914768636226654
0.8631801605224609
0.9279065728187561
0.9548929333686829
0.3005911111831665
0.7605779767036438
0.9519068002700806
0.9184766411781311
0.7531722187995911
0.9793535470962524
0.9192148447036743
0.8948358297348022
0.977203905582428
0.9942909479141235
0.9766483902931213
0.9946550130844116
0.7299486398696899
0.9732072949409485
0.9909453392028809
0.8388206958770752
0.9931353330612183
0.9789260625839233
0.9801875352859497
0.8926810026168823
0.9236623048782349
0.9866573810577393
0.92637038230896
0.9879453778266907
0.9841645956039429
0.9906030893325806
0.8840156197547913
0.9662635922431946
0.9795127511024475
0.9250654578208923
0.769871711730957
0.9194771647453308
0.9906179308891296
0.47271814942359924
0.8694977760314941
0.8704450726509094
0.571617066860199
0.8270165324211121
0.9914901256561279
0.9823489189147949
0.9565159678459167
0.5799443125724792
0.9698657989501953
0.8887869715690613
0.644662618637085
0.9892857670783997
0.9893285632133484
0.964223325252533
0.9712178707122803
0.9923266768455505
0.9856517314910889
0.9232185482978821
0.6092082262039185
0.9968137741088867
0.4702304005622864
0.2384483367204666
0.9513683319091797
0.9958637952804565
0.6248595714569092
0.9304906129837036
0.9677310585975647
0.961216926574707
0.9653770327568054
0.9914396405220032
0.9262617230415344
0.9533287286758423
0.9620521068572998
0.9818125367164612
0.9040852785110474
0.9151601195335388
0.9902759194374084
0.22726762294769287
0.9065268635749817
0.8589097857475281
0.8502443432807922
0.8979902267456055
0.9150790572166443
0.944352388381958
0.7541020512580872
0.762172520160675
0.9728235006332397
0.777863621711731
0.7406620979309082
0.8706672787666321
0.5456037521362305
0.7050914764404297
0.9445558190345764
0.9965658187866211
0.552137553691864
0.9195449948310852
0.9739607572555542
0.9949621558189392
0.9722297787666321
0.888916552066803
0.5218892693519592
0.4669799208641052
0.9639083743095398
0.686495304107666
0.3914911448955536
0.24304354190826416
0.9658587574958801
0.9156290888786316
0.9570445418357849
0.8403533697128296
0.9729626774787903
0.9947183728218079
0.8975659608840942
0.3363807201385498
0.9862784743309021
0.993712842464447
0.9539081454277039
0.9584591388702393
0.9190333485603333
0.9530564546585083
0.9386782646179199
0.9507585763931274
0.9701747894287109
0.9876328110694885
0.7023177146911621
0.8846338987350464
0.9960520267486572
0.853904664516449
0.9781448245048523
0.9814643859863281
0.9258624911308289
0.9883126616477966
0.9285668730735779
0.3544658124446869
0.858410120010376
0.9904793500900269
0.992530345916748
0.8887140154838562
0.8905735611915588
0.9694905281066895
0.9020277261734009
0.8358963131904602
0.5718187093734741
0.9166404008865356
0.9461461305618286
0.9877897500991821
0.9801505208015442
0.9819961786270142
0.987130343914032
0.9825626611709595
0.9221181273460388
0.9925054907798767
0.9688799977302551
0.9894903898239136
0.9920157194137573
0.974021852016449
0.9406935572624207
0.9394123554229736
0.9244370460510254
0.7433829307556152
0.7139073014259338
0.9976063370704651
0.9434054493904114
0.9151343703269958
0.9889165759086609
0.3583071231842041
0.45027032494544983
0.14604583382606506
0.981683611869812
0.9271349906921387
0.9717196226119995
0.9757100343704224
0.6856504082679749
0.07097464799880981
0.938450038433075
0.9058458805084229
0.977059006690979
0.7618616819381714
0.5327349901199341
0.9760967493057251
0.9077534675598145
0.9263281226158142
0.6293109655380249
0.9391961693763733
0.5020813941955566
0.9854848384857178
0.9461496472358704
0.9259524345397949
0.97212153673172
0.8160730600357056
0.996052086353302
0.8983468413352966
0.8393728733062744
0.973061203956604
0.3807670772075653
0.2011032998561859
0.4913269877433777
0.8411736488342285
0.959159255027771
0.986358106136322
0.8779938817024231
0.7401851415634155
0.9818280339241028
0.9861981868743896
0.9036877155303955
0.8943014144897461
0.3543126583099365
0.9360973834991455
0.9573861956596375
0.9270364046096802
0.9715387225151062
0.8498237133026123
0.990036129951477
0.9974614977836609
0.9448865056037903
0.990424633026123
0.9660905599594116
0.9360842704772949
0.9275330305099487
0.983795702457428
0.9940447807312012
0.7736543416976929
0.9884274005889893
0.9928476214408875
0.42852625250816345
0.9732549786567688
0.6617128849029541
0.9860905408859253
0.8919779062271118
0.9855664372444153
0.6517548561096191
0.8676643967628479
0.9893539547920227
0.7224707007408142
0.9942950010299683
0.9547080993652344
0.9762488603591919
0.96394944190979
0.9962889552116394
0.9309525489807129
0.6214334964752197
0.9616079330444336
0.9657813310623169
0.8331567049026489
0.9916477799415588
0.8867529034614563
0.9659615159034729
0.8837275505065918
0.9095908999443054
0.9409726858139038
0.9791373014450073
0.9811857342720032
0.42702195048332214
0.23996807634830475
0.7602525353431702
0.33468788862228394
0.373131662607193
0.6128698587417603
0.7111325263977051
0.8504201173782349
0.9600263833999634
0.9438394904136658
0.9883550405502319
0.9958307147026062
0.9931470155715942
0.9908071160316467
0.996662437915802
0.9762672185897827
0.9798020124435425
0.9868312478065491
0.9682808518409729
0.8956787586212158
0.7433092594146729
0.9577142000198364
0.9687150120735168
0.9925068020820618
0.9856377840042114
0.9971088171005249
0.5808472633361816
0.867969810962677
0.9753815531730652
0.9058414101600647
0.9685661792755127
0.7439495921134949
0.637386679649353
0.9372155070304871
0.959041178226471
0.9379453659057617
0.9313313961029053
0.8958185911178589
0.32356753945350647
0.8128812909126282
0.9202218651771545
0.9376753568649292
0.9766437411308289
0.9548813104629517
0.7467333078384399
0.8036913871765137
0.8986977338790894
0.40348896384239197
0.9185513854026794
0.8754646182060242
0.9443895816802979
0.9877188801765442
0.9483092427253723
0.980786144733429
0.6291530728340149
0.9280959963798523
0.5241143703460693
0.5507742166519165
0.7011762857437134
0.9431117177009583
0.9341394305229187
0.8684924244880676
0.3818823993206024
0.9611474275588989
0.9415584802627563
0.9452957510948181
0.48488277196884155
0.99398273229599
0.9935486316680908
0.3615044355392456
0.30668917298316956
0.8770117163658142
0.8990927934646606
0.9410672783851624
0.9837000370025635
0.9728806018829346
0.986628532409668
0.6991674304008484
0.8939685225486755
0.9856338500976562
0.9534928202629089
0.9238883256912231
0.9929186701774597
0.9140852093696594
0.9771791696548462
0.9123907089233398
0.9088954925537109
0.9547303318977356
0.7607428431510925
0.9975205659866333
0.9705610871315002
0.9470962285995483
0.9978542923927307
0.9935716986656189
0.9424749612808228
0.9471814632415771
0.9453849196434021
0.9839533567428589
0.9716389775276184
0.9923442602157593
0.9074670672416687
0.7562083601951599
0.8950076103210449
0.9877942800521851
0.923766016960144
0.8725941777229309
0.936898946762085
0.9893022775650024
0.9899033308029175
0.8484731912612915
0.7903990149497986
0.9127202033996582
0.7318468689918518
0.8735201954841614
0.9498649835586548
0.26623278856277466
0.12031907588243484
0.9816579222679138
0.9913792014122009
0.793916642665863
0.23590607941150665
0.9476286172866821
0.9527736902236938
0.9007154703140259
0.9907050132751465
0.9083613753318787
0.46499913930892944
0.9620214700698853
0.8829958438873291
0.5089829564094543
0.8790518045425415
0.947036623954773
0.8809804320335388
0.86273592710495
0.9654929637908936
0.9652288556098938
0.9439439177513123
0.9219854474067688
0.8588081002235413
0.9777963757514954
0.9842568039894104
0.513632595539093
0.8136156797409058
0.5385904312133789
0.9052200317382812
0.9870908856391907
0.9493277668952942
0.907097339630127
0.9682834148406982
0.9179316759109497
0.9332407712936401
0.5733228921890259
0.7141964435577393
0.8576709628105164
0.9635215997695923
0.2316702902317047
0.9716792702674866
0.966259241104126
0.9369308352470398
0.9926300644874573
0.8807523250579834
0.9896891713142395
0.9030485153198242
0.988459587097168
0.9905815720558167
0.9653659462928772
0.9428130984306335
0.9032374620437622
0.9266148209571838
0.9817181825637817
0.9602990746498108
0.5825064182281494
0.9271674156188965
0.9152691960334778
0.9576255679130554
0.9824554324150085
0.9728702306747437
0.9618067741394043
0.710149347782135
0.11840999126434326
0.9739969372749329
0.9486551284790039
0.9609493613243103
0.9791130423545837
0.9490086436271667
0.9649758338928223
0.9753329157829285
0.9018926024436951
0.9599066972732544
0.9763205647468567
0.9830664992332458
0.9010998606681824
0.862304151058197
0.8985524773597717
0.9967485666275024
0.9625867009162903
0.957706093788147
0.9554735422134399
0.7312697172164917
0.9888432025909424
0.9593695998191833
0.9913146495819092
0.8215531706809998
0.5172742605209351
0.9896568655967712
0.5729591250419617
0.989902675151825
0.9474287629127502
0.9673171043395996
0.9894077181816101
0.9428152441978455
0.9921436309814453
0.9769710898399353
0.9976098537445068
0.8510488271713257
0.5529977083206177
0.969732403755188
0.88865727186203
0.9758791923522949
0.994872510433197
0.9880910515785217
0.6929484605789185
0.9988336563110352
0.922278106212616
0.9891784191131592
0.98772132396698
0.9899216890335083
0.9510639905929565
0.9928097128868103
0.9457361698150635
0.6923401355743408
0.9608254432678223
0.9685313701629639
0.9559993743896484
0.9691163897514343
0.9680578112602234
0.8652823567390442
0.9428417086601257
0.9806445837020874
0.9819076657295227
0.9944801330566406
0.9904244542121887
0.9956445693969727
0.8000043630599976
0.9953206181526184
0.9355283975601196
0.9787477850914001
0.908620297908783
0.4361748695373535
0.9889090061187744
0.9806030988693237
0.9707566499710083
0.97248375415802
0.9808090925216675
0.7938072681427002
0.9711292386054993
0.8651622533798218
0.7921955585479736
0.7761512994766235
0.8964219689369202
0.05949835106730461
0.9712960124015808
0.9882725477218628
0.8487067222595215
0.9825119972229004
0.9647560119628906
0.8453724384307861
0.9937463402748108
0.9691352248191833
0.8274140357971191
0.6270382404327393
0.9948527812957764
0.9922303557395935
0.9958226084709167
0.9974682331085205
0.9626075029373169
0.7934126257896423
0.9933833479881287
0.8930729031562805
0.9645491242408752
0.8031384348869324
0.3763890564441681
0.8421759009361267
0.9926612377166748
0.8478710055351257
0.8991352319717407
0.9520835876464844
0.9924173355102539
0.9922115802764893
0.6421605944633484
0.923597514629364
0.9156315326690674
0.9337647557258606
0.9839454889297485
0.9668108224868774
0.884618878364563
0.9224305748939514
0.9821943640708923
0.21269086003303528
0.354518860578537
0.6289546489715576
0.22342953085899353
0.9704586267471313
0.93999183177948
0.8383371829986572
0.2987378239631653
0.7173654437065125
0.6124217510223389
0.7129937410354614
0.7858148813247681
0.989397406578064
0.9930017590522766
0.9826695919036865
0.9681599140167236
0.9653080701828003
0.9958803653717041
0.411358118057251
0.9871970415115356
0.9802936911582947
0.965147852897644
0.9984663724899292
0.9841285943984985
0.9857455492019653
0.8533720970153809
0.9834520816802979
0.9907711744308472
0.9746099710464478
0.9259271025657654
0.9925428628921509
0.7682066559791565
0.5044568181037903
0.9952296018600464
0.9235792756080627
0.7295078039169312
0.9005545377731323
0.3186505138874054
0.4815683662891388
0.979202926158905
0.960612952709198
0.9836720824241638
0.9515854716300964
0.983203113079071
0.9872256517410278
0.9796985387802124
0.9936054944992065
0.9915262460708618
0.6709632277488708
0.983711838722229
0.5882428288459778
0.8169915676116943
0.6803604960441589
0.40551427006721497
0.9868436455726624
0.9840086102485657
0.8975077867507935
0.954662561416626
0.9932825565338135
0.9991637468338013
0.8564886450767517
0.9674488306045532
0.5716009140014648
0.9937878251075745
0.6688894033432007
0.9870918989181519
0.8930893540382385
0.9894712567329407
0.6903108358383179
0.9794310927391052
0.962902307510376
0.9976751208305359
0.9694385528564453
0.8474234342575073
0.8850580453872681
0.9925301671028137
0.9618876576423645
0.9344056248664856
0.9913714528083801
0.976083517074585
0.8741748929023743
0.9469290375709534
0.8575367331504822
0.9047474265098572
0.9915441274642944
0.9734722971916199
0.9551917910575867
0.9735105037689209
0.4638499319553375
0.8896409869194031
0.9957568645477295
0.9978434443473816
0.9489814639091492
0.9430268406867981
0.9157630801200867
0.9823854565620422
0.947062611579895
0.9949919581413269
0.9984790086746216
0.9369577169418335
0.9694921970367432
0.8370916247367859
0.9954909682273865
0.9228634238243103
0.9879910945892334
0.9947975873947144
0.9852004647254944
0.9877707958221436
0.920067310333252
0.9880939722061157
0.9872137308120728
0.7961181402206421
0.8962103128433228
0.9654303789138794
0.9976694583892822
0.9943747520446777
0.909385085105896
0.9479250311851501
0.9899243116378784
0.9092654585838318
0.9674229025840759
0.9852390289306641
0.4518752992153168
0.09102808684110641
0.9342577457427979
0.9591612219810486
0.7021241784095764
0.960340142250061
0.7075622081756592
0.9271623492240906
0.9727927446365356
0.9863084554672241
0.9145629405975342
0.9020283222198486
0.984964907169342
0.9859632253646851
0.9523289203643799
0.9355809688568115
0.9536697864532471
0.9838360548019409
0.9875625967979431
0.9702228903770447
0.9347836375236511
0.9818658828735352
0.9564563632011414
0.9795966744422913
0.9864198565483093
0.973560631275177
0.9755759239196777
0.9920567274093628
0.9833675026893616
0.45383715629577637
0.49680662155151367
0.9800446629524231
0.909384548664093
0.9051413536071777
0.9707372188568115
0.9694816470146179
0.9944360852241516
0.993187427520752
0.9767819046974182
0.9874545931816101
0.8783944249153137
0.9221092462539673
0.9739100337028503
0.8950793147087097
0.9968422651290894
0.9164645671844482
0.9828169941902161
0.9567804336547852
0.9970411658287048
0.9183388352394104
0.7866309285163879
0.972627580165863
0.6327863931655884
0.9889542460441589
0.981051504611969
0.9549538493156433
0.9456427693367004
0.9825893044471741
0.28497669100761414
0.8172088861465454
0.725570023059845
0.7271682620048523
0.9353326559066772
0.19913727045059204
0.9703348875045776
0.913597822189331
0.9933432936668396
0.5035310983657837
0.9946480989456177
0.9938530921936035
0.9970089197158813
0.8863623142242432
0.9497537016868591
0.6647158861160278
0.9565866589546204
0.5260035991668701
0.9874855875968933
0.9731149673461914
0.9923896789550781
0.8706638813018799
0.9176315069198608
0.9320886731147766
0.9940615296363831
0.9847971796989441
0.9695895314216614
0.9715516567230225
0.9387415647506714
0.9398177862167358
0.7983841300010681
0.9009307026863098
0.9853612184524536
0.9979878664016724
0.7267869114875793
0.9621505737304688
0.9431844353675842
0.9845770001411438
0.9779899716377258
0.48918619751930237
0.9893302321434021
0.47235220670700073
0.9211487770080566
0.9585657119750977
0.9488047361373901
0.9358733892440796
0.8799654245376587
0.9790403842926025
0.9843644499778748
0.819469690322876
0.9883956909179688
0.9968124032020569
0.8216310739517212
0.9487312436103821
0.7636247873306274
0.6368943452835083
0.8341116905212402
0.9536798000335693
0.9888901710510254
0.9498624205589294
0.9866988062858582
0.9963405728340149
0.9645172357559204
0.9784454703330994
0.9748842716217041
0.9814502596855164
0.8708484172821045
0.9463059902191162
0.9789108633995056
0.9742088317871094
0.8543417453765869
0.9040321707725525
0.9830997586250305
0.9770357012748718
0.9774179458618164
0.9904168844223022
0.9865992665290833
0.936562180519104
0.9765294790267944
0.9189965128898621
0.9920840263366699
0.9496446847915649
0.6155869960784912
0.9875836372375488
0.6927469372749329
0.9865270256996155
0.14507155120372772
0.9610680937767029
0.8340089917182922
0.9771961569786072
0.9933950304985046
0.9821139574050903
0.7506385445594788
0.6151924133300781
0.9422927498817444
0.9330925345420837
0.847351610660553
0.9926437735557556
0.9630393981933594
0.9871513247489929
0.889739453792572
0.9686362147331238
0.271589070558548
0.9398894906044006
0.9283955693244934
0.9213607907295227
0.777441680431366
0.8027566075325012
0.9488493800163269
0.8567544221878052
0.9408520460128784
0.8852396607398987
0.9537798166275024
0.8941806554794312
0.8830506801605225
0.8618009090423584
0.34276729822158813
0.8697312474250793
0.7702239155769348
0.738683819770813
0.9847204089164734
0.8787434697151184
0.9634854793548584
0.9674084186553955
0.9921892285346985
0.8949793577194214
0.919274628162384
0.9244769215583801
0.9939677119255066
0.9911399483680725
0.9861361980438232
0.8702067732810974
0.9248249530792236
0.8983261585235596
0.4220920205116272
0.7342180609703064
0.9608404636383057
0.8645184636116028
0.15411335229873657
0.977349042892456
0.936845064163208
0.9920927286148071
0.7293828129768372
0.6345679759979248
0.8971116542816162
0.8950127959251404
0.9586302638053894
0.955345869064331
0.572852611541748
0.5629717707633972
0.7357852458953857
0.37239038944244385
0.9591389298439026
0.9788933396339417
0.5839940905570984
0.9859246611595154
0.9913271069526672
0.9607936143875122
0.5083009600639343
0.6254661083221436
0.9189199209213257
0.9619093537330627
0.956763505935669
0.29116371273994446
0.9717305898666382
0.9834555387496948
0.9703631401062012
0.9981750845909119
0.9631881713867188
0.9686025977134705
0.5726651549339294
0.4998131990432739
0.7607288956642151
0.8005363941192627
0.5522907972335815
0.9534797668457031
0.7312086224555969
0.9528931975364685
0.9193377494812012
0.9208342432975769
0.9874547123908997
0.6274703145027161
0.9868878126144409
0.973421037197113
0.8308418393135071
0.7292029857635498
0.9826341271400452
0.8880407214164734
0.9857428669929504
0.9743431806564331
0.9816762804985046
0.9175360202789307
0.6225326657295227
0.9829297661781311
0.39746764302253723
0.4022335410118103
0.44900399446487427
0.986314058303833
0.9950929880142212
0.9850693941116333
0.8576003313064575
0.9821246266365051
0.9919334650039673
0.9805810451507568
0.9958739280700684
0.9636164903640747
0.9430278539657593
0.9841418266296387
0.7514410018920898
0.34486123919487
0.9181486964225769
0.9586378335952759
0.8445748090744019
0.9309383034706116
0.9767255187034607
0.5986771583557129
0.8623120784759521
0.9620600938796997
0.9920921325683594
0.9946092963218689
0.924769401550293
0.9232840538024902
0.9790090918540955
0.9917140007019043
0.9948963522911072
0.14986075460910797
0.9161542654037476
0.9954858422279358
0.9396035075187683
0.9543147087097168
0.9228157997131348
0.9881097078323364
0.956796407699585
0.8949640989303589
0.9971073865890503
0.9931197762489319
0.9684535264968872
0.9878945350646973
0.9260149598121643
0.619875967502594
0.9665958881378174
0.9935017228126526
0.6214742660522461
0.9881118535995483
0.9376145005226135
0.6202145218849182
0.8908103108406067
0.9674893617630005
0.9556705355644226
0.95003741979599
0.576917290687561
0.9621279835700989
0.9228164553642273
0.9295586347579956
0.9565689563751221
0.8972460031509399
0.9635931849479675
0.9099816679954529
0.9428439140319824
0.9699297547340393
0.9634872674942017
0.9844649434089661
0.5937696099281311
0.9393223524093628
0.8946560025215149
0.775755763053894
0.9906315207481384
0.8867368698120117
0.9770406484603882
0.987205982208252
0.9376279711723328
0.855077862739563
0.8936808705329895
0.9935297966003418
0.9270399212837219
0.8291473388671875
0.9842917323112488
0.5815593004226685
0.9564821720123291
0.27433064579963684
0.8939163684844971
0.9494774341583252
0.9412009716033936
0.9952094554901123
0.8633708953857422
0.9925532937049866
0.5062454342842102
0.9045591354370117
0.9844915866851807
0.9765542149543762
0.961854875087738
0.9510324001312256
0.991050124168396
0.9717499613761902
0.9905320405960083
0.9644078016281128
0.9867898225784302
0.9370248317718506
0.9642240405082703
0.5392365455627441
0.6253370046615601
0.5091540813446045
0.9776577353477478
0.9268440008163452
0.44906100630760193
0.9790696501731873
0.7162066102027893
0.7864028215408325
0.9602857828140259
0.9900087714195251
0.8450257778167725
0.9698740839958191
0.9981629848480225
0.9944707751274109
0.8813905715942383
0.9230514168739319
0.5908896327018738
0.7755614519119263
0.9678034782409668
0.9866129755973816
0.4470164179801941
0.49883344769477844
0.9350382685661316
0.609263002872467
0.9534395933151245
0.911302387714386
0.9775208234786987
0.8665083050727844
0.12037549167871475
0.31314194202423096
0.9923550486564636
0.8769704699516296
0.9295103549957275
0.9771551489830017
0.9736127257347107
0.7004601955413818
0.9438247084617615
0.5381437540054321
0.9925742149353027
0.852571427822113
0.9956117868423462
0.7653775215148926
0.951337993144989
0.9955012202262878
0.9949332475662231
0.9864839911460876
0.9950085282325745
0.9969122409820557
0.7844256162643433
0.9430124163627625
0.9470250010490417
0.7283152341842651
0.9792898893356323
0.8087113499641418
0.9665481448173523
0.9172835946083069
0.972493588924408
0.8252454996109009
0.3659915328025818
0.9865262508392334
0.8927235007286072
0.990456759929657
0.9909232258796692
0.8988592624664307
0.9628199338912964
0.3906562626361847
0.9653739333152771
0.9739997982978821
0.9865999817848206
0.9837574362754822
0.9790530204772949
0.9928343296051025
0.7284563779830933
0.9853723645210266
0.985806405544281
0.9663935303688049
0.9127863049507141
0.9891169667243958
0.9683862924575806
0.8268999457359314
0.8951817750930786
0.5845392942428589
0.9758523106575012
0.7040713429450989
0.9607570171356201
0.9775602221488953
0.9822158813476562
0.9862408638000488
0.9272670149803162
0.8995762467384338
0.45943543314933777
0.9636456966400146
0.991404116153717
0.39850732684135437
0.9698092341423035
0.9824180603027344
0.43887096643447876
0.9532910585403442
0.9403519630432129
0.8059861660003662
0.8585355877876282
0.9660134315490723
0.8640140891075134
0.8536001443862915
0.8939045071601868
0.7904804348945618
0.4596039056777954
0.9298372864723206
0.8781754374504089
0.922366201877594
0.6716529726982117
0.9885537624359131
0.8215638399124146
0.5733095407485962
0.9755149483680725
0.9763059020042419
0.9842283725738525
0.9877161383628845
0.8249093890190125
0.9952031970024109
0.9708856344223022
0.9635654091835022
0.3325645923614502
0.9290794134140015
0.9683743119239807
0.9252014756202698
0.8264220356941223
0.43975919485092163
0.9733477234840393
0.9929615259170532
0.9954336285591125
0.9941920042037964
0.691011905670166
0.9122151136398315
0.8464836478233337
0.8250008225440979
0.8674037456512451
0.9713357090950012
0.3964332938194275
0.850099503993988
0.9807100296020508
0.7759601473808289
0.8096015453338623
0.6364827156066895
0.7932614684104919
0.983538031578064
0.8693981170654297
0.8992230892181396
0.7376061081886292
0.592689573764801
0.928499698638916
0.3673018515110016
0.9805046319961548
0.9821507930755615
0.9423636794090271
0.19435612857341766
0.7157302498817444
0.9954702854156494
0.47551342844963074
0.9727447032928467
0.954233705997467
0.9434635043144226
0.9832396507263184
0.9207907915115356
0.9778408408164978
0.8880137801170349
0.979749858379364
0.9660791158676147
0.9232238531112671
0.524289071559906
0.9942922592163086
0.9694957733154297
0.752599835395813
0.9727035164833069
0.940584659576416
0.9854223728179932
0.9666141271591187
0.9381327629089355
0.9065516591072083
0.990717351436615
0.9754142165184021
0.9538149833679199
0.6131514310836792
0.9302919507026672
0.46539923548698425
0.9236993193626404
0.9034258723258972
0.9901440143585205
0.9479572772979736
0.9924867749214172
0.9820574522018433
0.989662230014801
0.086631178855896
0.9710490107536316
0.6198856234550476
0.9985584616661072
0.8163383603096008
0.982002854347229
0.9902723431587219
0.8282015919685364
0.9707481265068054
0.9531170725822449
0.7927595376968384
0.9284158945083618
0.9953147768974304
0.9903038144111633
0.9645638465881348
0.9110144972801208
0.33443331718444824
0.8190315365791321
0.8982037305831909
0.9812725186347961
0.8873149752616882
0.6217530369758606
0.8752642869949341
0.8757244944572449
0.8821263313293457
0.9599515199661255
0.9764677882194519
0.9606433510780334
0.9583545923233032
0.9837310314178467
0.8029009103775024
0.6723930239677429
0.7438204884529114
0.9935752749443054
0.5191890597343445
0.8169862627983093
0.895565390586853
0.8560631275177002
0.9920623898506165
0.8592368364334106
0.9711402058601379
0.8372273445129395
0.9682327508926392
0.9402661323547363
0.7872772216796875
0.9673582315444946
0.8102919459342957
0.9366947412490845
0.9589892625808716
0.947898268699646
0.9118959903717041
0.9679011702537537
0.998512327671051
0.9305577278137207
0.9876225590705872
0.9847273230552673
0.7129681706428528
0.9933969974517822
0.9076921939849854
0.9375174641609192
0.9904619455337524
0.8875810503959656
0.982170820236206
0.6272809505462646
0.9584263563156128
0.9545707702636719
0.4871646761894226
0.9752088189125061
0.8934031128883362
0.9709355235099792
0.9765270948410034
0.9080200791358948
0.9890884160995483
0.9890680909156799
0.3061821162700653
0.989194929599762
0.970353901386261
0.9878284931182861
0.9737757444381714
0.9814546704292297
0.9930841326713562
0.9738959074020386
0.9518120288848877
0.948602020740509
0.9603266716003418
0.9768177270889282
0.977557897567749
0.9860725998878479
0.9869411587715149
0.9636454582214355
0.9918673038482666
0.8154749274253845
0.9757871627807617
0.984017014503479
0.7583493590354919
0.8681082725524902
0.8473811745643616
0.9694773554801941
0.9773608446121216
0.9552207589149475
0.35396620631217957
0.9622908234596252
0.9658535718917847
0.9600173234939575
0.837357759475708
0.9853668808937073
0.9530513882637024
0.9707134962081909
0.9760766625404358
0.9423074722290039
0.9849366545677185
0.9888269305229187
0.9807160496711731
0.9803569912910461
0.9689577221870422
0.9643988013267517
0.8106210231781006
0.30437007546424866
0.660374104976654
0.9107627868652344
0.9092712998390198
0.9448326230049133
0.6153080463409424
0.9404602646827698
0.9093216061592102
0.9781633615493774
0.4409482479095459
0.991466760635376
0.8323601484298706
0.9761112332344055
0.9889799952507019
0.9820464849472046
0.9701771140098572
0.9701789617538452
0.8869385719299316
0.9890613555908203
0.9274305105209351
0.9859841465950012
0.9079552292823792
0.9498262405395508
0.6757104992866516
0.9896674752235413
0.9925475716590881
0.9448121190071106
0.997249960899353
0.9620324373245239
0.9912923574447632
0.9960665702819824
0.886544942855835
0.9785056114196777
0.653586745262146
0.9381593465805054
0.9536410570144653
0.8696186542510986
0.6300732493400574
0.8999928832054138
0.7390784025192261
0.7805963158607483
0.9792887568473816
0.897942304611206
0.8768971562385559
0.7442775964736938
0.589165449142456
0.9196981191635132
0.960620105266571
0.9743392467498779
0.9781640768051147
0.9197484850883484
0.44039127230644226
0.9683663249015808
0.9582178592681885
0.9562963247299194
0.8985103964805603
0.8295646905899048
0.9878520369529724
0.9737474918365479
0.46439582109451294
0.9632666110992432
0.07166913896799088
0.8905207514762878
0.9888685345649719
0.7509598135948181
0.9116387367248535
0.9062268733978271
0.897319495677948
0.972222626209259
0.5241951942443848
0.9919854402542114
0.9912703633308411
0.9916865825653076
0.9732838273048401
0.9985156059265137
0.9716559052467346
0.9800565838813782
0.988614022731781
0.9182865619659424
0.9752016067504883
0.9882012009620667
0.9437395930290222
0.9919626116752625
0.9966857433319092
0.9752172827720642
0.9588010907173157
0.9852619767189026
0.9695388078689575
0.8974592089653015
0.9930843710899353
0.9920380711555481
0.967293381690979
0.9762353897094727
0.9839732646942139
0.9842146039009094
0.7808022499084473
0.9550184011459351
0.9901145100593567
0.9894604682922363
0.9934531450271606
0.9962775111198425
0.9729871153831482
0.8435168862342834
0.9788119196891785
0.9857458472251892
0.9060200452804565
0.977168083190918
0.9241582751274109
0.9944241642951965
0.9868079423904419
0.9890251159667969
0.9796558022499084
0.9866340756416321
0.8779385685920715
0.9819165468215942
0.9851593375205994
0.3268497586250305
0.9962918162345886
0.8421745896339417
0.4195750057697296
0.978002667427063
0.8762598633766174
0.4711134731769562
0.9614958167076111
0.9772557020187378
0.9841235876083374
0.4591051936149597
0.9886472821235657
0.997401237487793
0.8925063610076904
0.9533936381340027
0.37897393107414246
0.9644295573234558
0.9410504102706909
0.9939190745353699
0.9833617806434631
0.9948269724845886
0.9892022609710693
0.9792546033859253
0.9290380477905273
0.98779296875
0.97357177734375
0.8389803171157837
0.9772875905036926
0.9934669137001038
0.9409283399581909
0.8860129117965698
0.9884624481201172
0.9927068948745728
0.9707472920417786
0.6093185544013977
0.8727476596832275
0.5291885137557983
0.8843514323234558
0.9836940169334412
0.7898091077804565
0.720849335193634
0.7473034858703613
0.9346694350242615
0.9309378862380981
0.9908787608146667
0.9467836618423462
0.4854772388935089
0.8786338567733765
0.9925153851509094
0.31407779455184937
0.9938681721687317
0.7789017558097839
0.897146463394165
0.43184977769851685
0.9149153828620911
0.9231945872306824
0.8761616945266724
0.7385415434837341
0.8651402592658997
0.994168221950531
0.8330203890800476
0.9344842433929443
0.9776225090026855
0.9665387272834778
0.8755956888198853
0.8470141291618347
0.20146098732948303
0.2853219211101532
0.5748727917671204
0.8565676808357239
0.8678022623062134
0.8163613080978394
0.9812922477722168
0.8508897423744202
0.8702932596206665
0.9193429946899414
0.35158267617225647
0.9678528904914856
0.9851658344268799
0.9319324493408203
0.7924625277519226
0.42456504702568054
0.7451325058937073
0.7234265208244324
0.9376650452613831
0.7509756088256836
0.9547011852264404
0.3438955843448639
0.4508014917373657
0.9750066995620728
0.7338570356369019
0.40256187319755554
0.9009177088737488
0.17406828701496124
0.9295204281806946
0.8160957098007202
0.9683130979537964
0.650087833404541
0.4346548020839691
0.19415366649627686
0.9910593628883362
0.8523317575454712
0.9088460803031921
0.9661381840705872
0.9825595617294312
0.9703162312507629
0.9868302345275879
0.8366406559944153
0.9605254530906677
0.9802460670471191
0.9642935395240784
0.7327409386634827
0.9960166215896606
0.9290191531181335
0.9952103495597839
0.9588639140129089
0.8377203345298767
0.7506725788116455
0.9725145697593689
0.6273744702339172
0.9454682469367981
0.9328637719154358
0.9730002880096436
0.9603206515312195
0.7490155696868896
0.895668089389801
0.9926587343215942
0.9669751524925232
0.9889621138572693
0.8481653332710266
0.9955563545227051
0.5259085297584534
0.9852187633514404
0.9882773756980896
0.9913520216941833
0.6496466994285583
0.9376683235168457
0.8788549304008484
0.9824942946434021
0.9181923270225525
0.9559028744697571
0.9941089153289795
0.4805256426334381
0.8577921390533447
0.20245754718780518
0.8954976797103882
0.9765275120735168
0.8615323305130005
0.923397958278656
0.7645443081855774
0.9913400411605835
0.9372577667236328
0.8318613767623901
0.8560317158699036
0.9875579476356506
0.9925275444984436
0.9468545317649841
0.9797064065933228
0.9776692986488342
0.9368695020675659
0.9551334381103516
0.82520592212677
0.9172968864440918
0.9499139785766602
0.9172968864440918
0.9656739234924316
0.9172968864440918
0.7422947883605957
0.8889676928520203
0.9599374532699585
0.9700502157211304
0.9948606491088867
0.6377632021903992
0.8852468729019165
0.7990087866783142
0.9234102964401245
0.8984757661819458
0.9153814315795898
0.6614111065864563
0.8021240830421448
0.9426575899124146
0.9823859930038452
0.9955252408981323
0.9504305720329285
0.8591427803039551
0.9873814582824707
0.8469421863555908
0.4880945086479187
0.8984336256980896
0.9238760471343994
0.8448318839073181
0.8272916078567505
0.9789072275161743
0.9173709750175476
0.9686182141304016
0.948931872844696
0.9075644612312317
0.9029546976089478
0.9182713627815247
0.9897553324699402
0.9818063378334045
0.9715647101402283
0.97877436876297
0.99855637550354
0.7769810557365417
0.8379700183868408
0.9409498572349548
0.9764937162399292
0.9975278377532959
0.9736423492431641
0.18802614510059357
0.9264906048774719
0.8049459457397461
0.8601816296577454
0.9596827030181885
0.9371387362480164
0.7781990170478821
0.9013754725456238
0.8984618186950684
0.8462967276573181
0.8775562047958374
0.8655381798744202
0.9259847402572632
0.9921627044677734
0.9301618337631226
0.9682042598724365
0.9449735283851624
0.9851903319358826
0.9563354253768921
0.9493947625160217
0.9601207971572876
0.9819536209106445
0.8407121896743774
0.9613668322563171
0.8777141571044922
0.9926769137382507
0.9500694870948792
0.9875037670135498
0.678403377532959
0.9577763676643372
0.2563095688819885
0.975692868232727
0.7659379839897156
0.18072018027305603
0.408735454082489
0.9726829528808594
0.8948158621788025
0.8729304075241089
0.8895094394683838
0.9691834449768066
0.8434625864028931
0.9349850416183472
0.9775105118751526
0.9278995990753174
0.9934594035148621
0.9853467345237732
0.9821016192436218
0.9081573486328125
0.9142277240753174
0.9944048523902893
0.9674381613731384
0.9517255425453186
0.9384045004844666
0.9764503240585327
0.23161780834197998
0.8731563091278076
0.9388942718505859
0.1300240308046341
0.26982566714286804
0.39693906903266907
0.9034128785133362
0.960199236869812
0.9785004258155823
0.9867346882820129
0.4818154275417328
0.9163864850997925
0.9829620122909546
0.9866620302200317
0.8623208403587341
0.7126041650772095
0.9860164523124695
0.9708216786384583
0.9918275475502014
0.7141301035881042
0.9754409790039062
0.9301473498344421
0.8589211106300354
0.943619430065155
0.5730389952659607
0.8874143362045288
0.5070013403892517
0.6978610754013062
0.938933253288269
0.9686819911003113
0.8607200384140015
0.9639427065849304
0.9831704497337341
0.9745939373970032
0.9459987878799438
0.41004523634910583
0.99314945936203
0.8914579153060913
0.9878242015838623
0.9398775100708008
0.9718848466873169
0.9611428380012512
0.9919484257698059
0.9311410188674927
0.9891922473907471
0.8584163188934326
0.9523484706878662
0.8974137902259827
0.9644190669059753
0.8021541237831116
0.9953920841217041
0.9660037755966187
0.9982696771621704
0.994964063167572
0.969524085521698
0.986189603805542
0.9746364951133728
0.876549243927002
0.9860014915466309
0.9822275042533875
0.9813530445098877
0.5725817084312439
0.9957575798034668
0.9346365928649902
0.9286636710166931
0.943302571773529
0.5309672951698303
0.9439008235931396
0.9977582693099976
0.9335848689079285
0.9862693548202515
0.9870206117630005
0.9378109574317932
0.9396005272865295
0.9772936701774597
0.9724279642105103
0.9239997863769531
0.9237962365150452
0.8806012272834778
0.8596104383468628
0.9171784520149231
0.9387619495391846
0.7735114693641663
0.9697396159172058
0.9916433691978455
0.993562638759613
0.9842353463172913
0.963561475276947
0.9671930074691772
0.6187618970870972
0.98972088098526
0.6425727009773254
0.9873214364051819
0.9878973960876465
0.9973292350769043
0.9178528785705566
0.6810007095336914
0.9717016220092773
0.9853832721710205
0.9839556217193604
0.9947724342346191
0.9847102761268616
0.8428424000740051
0.9910479187965393
0.7357597351074219
0.7874605059623718
0.7836991548538208
0.9787485599517822
0.9632295966148376
0.8076189756393433
0.9400555491447449
0.9577072858810425
0.9205630421638489
0.9377272129058838
0.22714442014694214
0.9844192266464233
0.9849452376365662
0.9334888458251953
0.9809789061546326
0.9350427985191345
0.8726822137832642
0.9680793881416321
0.9773212671279907
0.9952192306518555
0.8764675259590149
0.9921172261238098
0.9741544127464294
0.9723612070083618
0.9240964651107788
0.8559068441390991
0.9612933993339539
0.9659743905067444
0.9726720452308655
0.9900111556053162
0.9692352414131165
0.6008824706077576
0.9743180274963379
0.9720954298973083
0.7832920551300049
0.8596301674842834
0.4150494337081909
0.97086501121521
0.9929352402687073
0.980644166469574
0.9051568508148193
0.9845475554466248
0.859801173210144
0.9769212603569031
0.7954226136207581
0.9936308860778809
0.9174290299415588
0.8937097191810608
0.8825555443763733
0.9558034539222717
0.5423468351364136
0.7013592720031738
0.9480511546134949
0.962972104549408
0.9635768532752991
0.9898675084114075
0.9641669392585754
0.9551257491111755
0.9965981841087341
0.9914100170135498
0.9879670143127441
0.9790740013122559
0.9975147247314453
0.7908032536506653
0.9633564949035645
0.9182420969009399
0.7078952193260193
0.9981998205184937
0.6241898536682129
0.9825477004051208
0.19415314495563507
0.9032467007637024
0.7501758933067322
0.9934738278388977
0.9856709241867065
0.9985828399658203
0.9624193906784058
0.9785465002059937
0.7169280648231506
0.9817467927932739
0.9935302138328552
0.9957619309425354
0.7565212845802307
0.8317485451698303
0.9922037124633789
0.9982646703720093
0.9951567053794861
0.06313608586788177
0.984859824180603
0.9915512204170227
0.9947810769081116
0.9162926077842712
0.2628554105758667
0.9364863038063049
0.9571012854576111
0.9837426543235779
0.9781661033630371
0.9818015694618225
0.9915373921394348
0.9911641478538513
0.9732930064201355
0.910126268863678
0.9921968579292297
0.9172554016113281
0.9343793392181396
0.707737922668457
0.9607675075531006
0.8171277046203613
0.8250545859336853
0.35024333000183105
0.4728865325450897
0.9429739713668823
0.9360352754592896
0.9347794651985168
0.9690227508544922
0.9833203554153442
0.8866628408432007
0.5743943452835083
0.9520382881164551
0.9567034244537354
0.9751191139221191
0.9895933866500854
0.9316818118095398
0.7903206944465637
0.9593327641487122
0.9322143793106079
0.9708552360534668
0.9706441164016724
0.9046881794929504
0.9647940397262573
0.9740133881568909
0.9179784655570984
0.9170681238174438
0.9575687050819397
0.9820382595062256
0.9792265892028809
0.9400988817214966
0.9757266640663147
0.9892536997795105
0.9121980667114258
0.9386674165725708
0.993018388748169
0.9454022645950317
0.1573891043663025
0.9845293760299683
0.397067666053772
0.9404130578041077
0.9551551342010498
0.9887299537658691
0.9906433820724487
0.9890711903572083
0.6439310312271118
0.8543484210968018
0.9909394979476929
0.9884273409843445
0.9516509771347046
0.9881540536880493
0.9742802381515503
0.9897662997245789
0.8817077875137329
0.9788512587547302
0.9926766157150269
0.9947396516799927
0.9880055785179138
0.9776160717010498
0.913109302520752
0.9489793181419373
0.996576189994812
0.9331151843070984
0.9173247814178467
0.844407856464386
0.989452064037323
0.9672536849975586
0.9783533811569214
0.9672609567642212
0.8952522277832031
0.85763019323349
0.9560446739196777
0.8965567946434021
0.9955527186393738
0.9390578269958496
0.979874849319458
0.9909622669219971
0.30660340189933777
0.8897444605827332
0.9941233992576599
0.891141951084137
0.9901317358016968
0.6984790563583374
0.9698982834815979
0.4080970585346222
0.98792564868927
0.9915727972984314
0.8722671270370483
0.9621213674545288
0.8465833067893982
0.8664917945861816
0.9780067205429077
0.9923665523529053
0.9390096068382263
0.8322304487228394
0.993728756904602
0.8001585006713867
0.7408247590065002
0.9095550775527954
0.963618278503418
0.8457794189453125
0.788827657699585
0.9658213257789612
0.8665788173675537
0.9440003633499146
0.9595357179641724
0.9658846259117126
0.9908663034439087
0.9666793346405029
0.9083366990089417
0.9203720688819885
0.9744696021080017
0.8765964508056641
0.8033849596977234
0.9947019219398499
0.6261056661605835
0.8893575072288513
0.9980016350746155
0.9710456728935242
0.9841322302818298
0.9279766082763672
0.9905567169189453
0.9756277799606323
0.9433236122131348
0.6838979721069336
0.9033323526382446
0.9909741282463074
0.7977938652038574
0.820002555847168
0.7318382859230042
0.9839099049568176
0.9930413961410522
0.9256219863891602
0.8887941837310791
0.954135537147522
0.896732747554779
0.95052570104599
0.8587782979011536
0.748764157295227
0.8702226281166077
0.8618711233139038
0.8671061396598816
0.9703137278556824
0.8142293095588684
0.9916163086891174
0.813414454460144
0.9225335717201233
0.9493893384933472
0.9806696772575378
0.9851486086845398
0.9743068814277649
0.820788562297821
0.9859139919281006
0.8787364959716797
0.9233930110931396
0.9824396371841431
0.9340117573738098
0.5742889642715454
0.943419337272644
0.9819846749305725
0.9784221053123474
0.8237468004226685
0.9892563223838806
0.9759931564331055
0.9848986268043518
0.9848560094833374
0.9683606028556824
0.32150474190711975
0.9296091198921204
0.6412065029144287
0.9469251036643982
0.9313387274742126
0.9875561594963074
0.9657592177391052
0.986560583114624
0.8392459154129028
0.9159589409828186
0.9186900854110718
0.9957244396209717
0.9774609208106995
0.9969589114189148
0.9108836054801941
0.9604085683822632
0.9964258670806885
0.584707498550415
0.9888477921485901
0.9327653646469116
0.9760230183601379
0.7016371488571167
0.7929766774177551
0.9344591498374939
0.9002562165260315
0.9944589734077454
0.9854697585105896
0.5712135434150696
0.4849090576171875
0.9920781254768372
0.9465847611427307
0.9219127297401428
0.6435768604278564
0.9877453446388245
0.9822184443473816
0.9653599858283997
0.9862909913063049
0.5973768830299377
0.9763602018356323
0.9315866827964783
0.9748188853263855
0.9850714802742004
0.9863386750221252
0.9909734725952148
0.972854733467102
0.9767451882362366
0.9740380644798279
0.9865075945854187
0.9603394269943237
0.9738230109214783
0.8228686451911926
0.986854612827301
0.9634062647819519
0.9969727993011475
0.9633373618125916
0.912079930305481
0.9703287482261658
0.9943695068359375
0.9836214184761047
0.2328026443719864
0.8300786018371582
0.9659924507141113
0.8580784201622009
0.6793107986450195
0.9803699851036072
0.9126110076904297
0.959504246711731
0.89349764585495
0.9299156665802002
0.9701923727989197
0.8679439425468445
0.9868630170822144
0.9752178192138672
0.9047625660896301
0.8710950613021851
0.9284764528274536
0.9646493196487427
0.9534671306610107
0.9905775189399719
0.965685248374939
0.9626483917236328
0.9928520917892456
0.5769411325454712
0.9796950221061707
0.9720571041107178
0.6686293482780457
0.8945469856262207
0.9121553897857666
0.9386933445930481
0.9871681332588196
0.9921140074729919
0.3895326554775238
0.8520596027374268
0.9371412992477417
0.9006215333938599
0.8048204183578491
0.9285237789154053
0.9885334372520447
0.990818977355957
0.7504934072494507
0.893284022808075
0.9606904983520508
0.9898439049720764
0.9470092058181763
0.9704974293708801
0.9747962355613708
0.9880566000938416
0.9904422163963318
0.9737712144851685
0.9088083505630493
0.9936086535453796
0.991921067237854
0.9718425273895264
0.6533779501914978
0.9679244756698608
0.8120021224021912
0.5159406065940857
0.9921294450759888
0.8992148637771606
0.39250704646110535
0.9940992593765259
0.9931347966194153
0.9939061999320984
0.8318312168121338
0.8458462953567505
0.7222177982330322
0.9463961124420166
0.9837024807929993
0.9434791207313538
0.9106415510177612
0.8284898996353149
0.8702728748321533
0.992687463760376
0.9424630403518677
0.8970832228660583
0.6721115112304688
0.9945945143699646
0.6024081110954285
0.9598037600517273
0.9070956707000732
0.9218421578407288
0.7652428150177002
0.8634675145149231
0.9295686483383179
0.8327208161354065
0.992683470249176
0.9319530129432678
0.9966188669204712
0.9522097706794739
0.8830745816230774
0.9685927033424377
0.9434599876403809
0.757067084312439
0.8812651634216309
0.9874732494354248
0.6630801558494568
0.9843612313270569
0.9943171739578247
0.9890974760055542
0.9747934937477112
0.9317512512207031
0.9942858815193176
0.8387746810913086
0.9833861589431763
0.984320342540741
0.9953895211219788
0.9981006383895874
0.7239826321601868
0.9923588633537292
0.991857647895813
0.9940841794013977
0.9690027832984924
0.9929446578025818
0.9954947233200073
0.9934927225112915
0.9912561178207397
0.9808242321014404
0.9715206027030945
0.9839361906051636
0.9896184206008911
0.9458707571029663
0.9826143980026245
0.9748622179031372
0.670473039150238
0.9857075810432434
0.5844365358352661
0.8320404291152954
0.8437437415122986
0.9701658487319946
0.9111128449440002
0.97845858335495
0.9924491047859192
0.6566826105117798
0.24229519069194794
0.938153862953186
0.6257706880569458
0.9173190593719482
0.8492549061775208
0.8143810629844666
0.9795567989349365
0.8335569500923157
0.04667653515934944
0.8795035481452942
0.7949793934822083
0.7677116990089417
0.9899548292160034
0.9415115714073181
0.7100111246109009
0.39862188696861267
0.8337423801422119
0.9878509640693665
0.7572017908096313
0.9809941053390503
0.22921182215213776
0.9267216920852661
0.9356546998023987
0.9202907681465149
0.9100030660629272
0.9878007173538208
0.5987607836723328
0.964948296546936
0.8376415967941284
0.1703759729862213
0.3579753637313843
0.32888397574424744
0.44491007924079895
0.6823380589485168
0.9561018943786621
0.9091333746910095
0.9906907677650452
0.993982195854187
0.485123872756958
0.9810460805892944
0.9603402614593506
0.9867951273918152
0.567772626876831
0.8492822647094727
0.9607981443405151
0.9776187539100647
0.6945688128471375
0.9884173274040222
0.9981359839439392
0.9897931814193726
0.9028075337409973
0.9261059165000916
0.8170527219772339
0.13862824440002441
0.8670588135719299
0.9752154350280762
0.9820137023925781
0.7802481055259705
0.8590478301048279
0.7692108750343323
0.9008225202560425
0.8617543578147888
0.9402093887329102
0.882131814956665
0.9159957766532898
0.9825008511543274
0.9915251135826111
0.979448676109314
0.979600727558136
0.9517513513565063
0.975178599357605
0.9905810356140137
0.9673571586608887
0.9768384099006653
0.9669549465179443
0.9091043472290039
0.9226160645484924
0.8821141719818115
0.9601153135299683
0.9014167189598083
0.877935528755188
0.9858443140983582
0.9409599900245667
0.9298877120018005
0.9820564985275269
0.9765167832374573
0.958066999912262
0.635023832321167
0.9472586512565613
0.9173255562782288
0.9886927008628845
0.881023108959198
0.8765058517456055
0.6494132876396179
0.9341717958450317
0.9322336316108704
0.8636936545372009
0.6213098168373108
0.37141233682632446
0.8206004500389099
0.976121187210083
0.9699804782867432
0.9542822241783142
0.5611824989318848
0.9969290494918823
0.9712393283843994
0.9511955976486206
0.8989500999450684
0.6816513538360596
0.9460169076919556
0.5940477252006531
0.624103307723999
0.40967682003974915
0.9307774901390076
0.8614574670791626
0.752082884311676
0.9913824200630188
0.9904983639717102
0.9470660090446472
0.9490047097206116
0.9947920441627502
0.8165751099586487
0.995993435382843
0.9795800447463989
0.9016730785369873
0.995582103729248
0.9911485314369202
0.5553485751152039
0.6890119314193726
0.9940019845962524
0.9767858386039734
0.9812564849853516
0.9949287176132202
0.9773457646369934
0.968465268611908
0.9738010764122009
0.8900483250617981
0.9430184364318848
0.9753423929214478
0.9478296041488647
0.914550244808197
0.9934805631637573
0.9805757999420166
0.4625838100910187
0.6329808235168457
0.9047260284423828
0.8657882809638977
0.995335578918457
0.7581731081008911
0.9866193532943726
0.8945798873901367
0.8969923257827759
0.8025414347648621
0.8945026993751526
0.9580710530281067
0.994774341583252
0.6996228098869324
0.9776682257652283
0.947264552116394
0.8357811570167542
0.9642944931983948
0.9123443365097046
0.5943865180015564
0.9664934277534485
0.9926221966743469
0.5303308367729187
0.8544929027557373
0.4042605757713318
0.9891290664672852
0.989229679107666
0.9462016224861145
0.9373930096626282
0.28055861592292786
0.8041518926620483
0.9286043643951416
0.8634559512138367
0.6910700798034668
0.9703343510627747
0.8904507756233215
0.9180638194084167
0.9752494692802429
0.9951215386390686
0.9846670627593994
0.8158079385757446
0.9784154891967773
0.9972921013832092
0.721531867980957
0.2770403325557709
0.9751049280166626
0.9924834966659546
0.9359322786331177
0.944665789604187
0.9558296203613281
0.9875404238700867
0.9774574041366577
0.8215353488922119
0.7794567346572876
0.9684076905250549
0.9004433155059814
0.9971771240234375
0.989810585975647
0.9784892797470093
0.9915145635604858
0.9685186743736267
0.9161948561668396
0.8839586973190308
0.8521901369094849
0.6737545132637024
0.9842016100883484
0.9752659201622009
0.9296801090240479
0.9722199440002441
0.9763804078102112
0.911903977394104
0.9858470559120178
0.962499737739563
0.993051290512085
0.9718118906021118
0.991205632686615
0.9962205290794373
0.9293636083602905
0.8509902954101562
0.9977577328681946
0.9236800074577332
0.996995747089386
0.9988424777984619
0.9939799904823303
0.9869722127914429
0.8899679780006409
0.9203404188156128
0.9921873807907104
0.9865975975990295
0.9853377342224121
0.9926154017448425
0.9919238686561584
0.9684750437736511
0.9354615807533264
0.9920060038566589
0.9506755471229553
0.7273523807525635
0.9788129329681396
0.9928123354911804
0.9911092519760132
0.9940774440765381
0.9890733957290649
0.7789020538330078
0.9780073761940002
0.3715502619743347
0.250581830739975
0.9971981644630432
0.864545464515686
0.3666108250617981
0.738326370716095
0.9917795658111572
0.9917818903923035
0.9294698238372803
0.9773426651954651
0.9250519275665283
0.9929347038269043
0.9921097755432129
0.9839160442352295
0.9764423370361328
0.9764243364334106
0.9767892360687256
0.9279878735542297
0.9653262495994568
0.9475238919258118
0.9946020841598511
0.9345129728317261
0.6866622567176819
0.9835639595985413
0.8286953568458557
0.9982202053070068
0.9405795335769653
0.9938646554946899
0.9808706641197205
0.9302595853805542
0.9925040006637573
0.99657142162323
0.995786726474762
0.34947487711906433
0.9787938594818115
0.9784873127937317
0.9377402067184448
0.9824284315109253
0.7310934066772461
0.996174693107605
0.9523861408233643
0.9093725085258484
0.9980099201202393
0.9800670742988586
0.9719007015228271
0.9554827213287354
0.6460071802139282
0.9982630014419556
0.9354586005210876
0.9863436818122864
0.966600775718689
0.9703192114830017
0.7120391130447388
0.9892987608909607
0.4135800898075104
0.860453188419342
0.8008531928062439
0.9963559508323669
0.9876487255096436
0.9840158820152283
0.9590318202972412
0.8297767043113708
0.988908588886261
0.9640017747879028
0.9356645345687866
0.971744179725647
0.966679036617279
0.9857972860336304
0.9898443222045898
0.9861000180244446
0.9728843569755554
0.9983512759208679
0.9947395920753479
0.9201650619506836
0.9901307821273804
0.9827144742012024
0.6589502096176147
0.9706471562385559
0.9596675634384155
0.7279701828956604
0.42337146401405334
0.9805464744567871
0.9914259314537048
0.7041410207748413
0.9896020889282227
0.9858908653259277
0.9960862398147583
0.9843431711196899
0.9821016192436218
0.9561101794242859
0.9630999565124512
0.9957813024520874
0.908061146736145
0.9914625287055969
0.7786124348640442
0.976999819278717
0.9958898425102234
0.9662652611732483
0.8354577422142029
0.9556609392166138
0.9956530332565308
0.9884281158447266
0.9758866429328918
0.6124971508979797
0.9714720845222473
0.9442839622497559
0.8115420937538147
0.9787501096725464
0.951490044593811
0.9342090487480164
0.5157868266105652
0.9521167278289795
0.9909607172012329
0.9728884696960449
0.9510490894317627
0.8656669855117798
0.8689243793487549
0.957872211933136
0.23973967134952545
0.897333025932312
0.919345498085022
0.956487238407135
0.9332185983657837
0.9753432869911194
0.9596322178840637
0.9470697045326233
0.8705823421478271
0.9842109680175781
0.9941160082817078
0.9982444643974304
0.9919389486312866
0.9673231840133667
0.9612571001052856
0.9858769774436951
0.8983336091041565
0.9819673895835876
0.9928130507469177
0.9694087505340576
0.912803053855896
0.9884594082832336
0.7910348176956177
0.9965492486953735
0.6845272183418274
0.7018361687660217
0.9715110063552856
0.7696943879127502
0.9654057025909424
0.860771656036377
0.9956506490707397
0.9464724063873291
0.9691032767295837
0.9778600335121155
0.921392023563385
0.9601707458496094
0.9456357359886169
0.9875944256782532
0.9563053846359253
0.9860621690750122
0.9956671595573425
0.5430707931518555
0.9958903193473816
0.9079601764678955
0.9043540358543396
0.9263359308242798
0.9396882653236389
0.6836570501327515
0.9711941480636597
0.8583375215530396
0.9785939455032349
0.9682637453079224
0.9114397764205933
0.9497388005256653
0.7198950052261353
0.4984720051288605
0.9528436064720154
0.8363086581230164
0.6879447102546692
0.952636182308197
0.2200678437948227
0.9734663367271423
0.5067072510719299
0.9381660223007202
0.9911434054374695
0.9973649978637695
0.8761338591575623
0.8233104348182678
0.9754666090011597
0.7658828496932983
0.8892053961753845
0.9400185942649841
0.9192548990249634
0.8012184500694275
0.9757206439971924
0.9974115490913391
0.3510426878929138
0.9373847246170044
0.9664145112037659
0.749525785446167
0.9234404563903809
0.9185037612915039
0.9130264520645142
0.8380993604660034
0.6169281601905823
0.7502031326293945
0.9733923077583313
0.9517711400985718
0.9673444032669067
0.6732696294784546
0.4164716601371765
0.9947957396507263
0.9397910237312317
0.9352198243141174
0.9555280804634094
0.8683990240097046
0.687642514705658
0.9818207621574402
0.9632889032363892
0.9662578105926514
0.7965054512023926
0.9833664894104004
0.6726167798042297
0.96873939037323
0.9627914428710938
0.981705367565155
0.9644978046417236
0.5903122425079346
0.9595026969909668
0.9749966263771057
0.9321035146713257
0.9667779803276062
0.6696624159812927
0.7774420976638794
0.9531878232955933
0.9455097913742065
0.8944827318191528
0.7935633659362793
0.7991607189178467
0.9449229836463928
0.9130235910415649
0.18260519206523895
0.7706261873245239
0.1897520124912262
0.7977814078330994
0.8093852400779724
0.8767793774604797
0.608637809753418
0.81825190782547
0.8795915842056274
0.8716306686401367
0.7981111407279968
0.18702122569084167
0.7076279520988464
0.905708909034729
0.9068062901496887
0.8388571739196777
0.9510486125946045
0.8942129611968994
0.9833008646965027
0.8835734724998474
0.9714264273643494
0.9851232767105103
0.8835865259170532
0.10187005996704102
0.7198467254638672
0.42998406291007996
0.8705692291259766
0.8556658625602722
0.9768325090408325
0.21915146708488464
0.9005914330482483
0.8324590921401978
0.8445995450019836
0.8778372406959534
0.5570047497749329
0.8790630102157593
0.18609482049942017
0.9236405491828918
0.8260771632194519
0.8743268251419067
0.9674108624458313
0.7340126633644104
0.2405056357383728
0.3516771197319031
0.7118740081787109
0.8097578287124634
0.8595226407051086
0.9719032645225525
0.33678993582725525
0.9716013669967651
0.666853129863739
0.9572473764419556
0.9905315637588501
0.9576262831687927
0.9726160764694214
0.8010356426239014
0.9550154805183411
0.6973698735237122
0.9557375311851501
0.939084529876709
0.9859494566917419
0.9946759343147278
0.8989545702934265
0.9922897219657898
0.9934512376785278
0.9347997903823853
0.9837576150894165
0.9473447799682617
0.995674729347229
0.8902541399002075
0.9941084980964661
0.9859704375267029
0.9225207567214966
0.9875108003616333
0.9459220170974731
0.9813247323036194
0.8319718241691589
0.5753602981567383
0.7493495941162109
0.9733021855354309
0.9379042983055115
0.9052655100822449
0.960483193397522
0.9808744192123413
0.9885469675064087
0.41272661089897156
0.9462651014328003
0.9909098744392395
0.9338696599006653
0.9132245182991028
0.9766866564750671
0.9097980260848999
0.9888846278190613
0.8487204313278198
0.9294123649597168
0.9948691129684448
0.9759809374809265
0.9086403846740723
0.9311392903327942
0.8958837985992432
0.8668341636657715
0.8792778849601746
0.8579192757606506
0.7864907383918762
0.932641863822937
0.9082431793212891
0.9726578593254089
0.8802548050880432
0.9915415048599243
0.959433913230896
0.9895113706588745
0.9890020489692688
0.991349995136261
0.9437025785446167
0.8919126987457275
0.9390696287155151
0.9556150436401367
0.9925419688224792
0.9973717927932739
0.8575921654701233
0.9631081819534302
0.27828535437583923
0.9937041401863098
0.9844332337379456
0.9093919992446899
0.22035633027553558
0.9853729009628296
0.743556022644043
0.9554078578948975
0.8670037388801575
0.9528993368148804
0.9361642599105835
0.9085332751274109
0.99547278881073
0.8571444749832153
0.8539654016494751
0.9741631150245667
0.9731331467628479
0.7740358710289001
0.9354352951049805
0.9670008420944214
0.9883816838264465
0.9015997648239136
0.9562212824821472
0.9835681319236755
0.8036195039749146
0.9201594591140747
0.8213997483253479
0.817341148853302
0.9914239645004272
0.9787271618843079
0.9590165019035339
0.8717471957206726
0.9086015224456787
0.8960236310958862
0.981118381023407
0.9682741761207581
0.927030086517334
0.4781245291233063
0.22254350781440735
0.9883121848106384
0.9331364631652832
0.38954415917396545
0.9557504057884216
0.8791705369949341
0.9818713068962097
0.9508072733879089
0.7802396416664124
0.8816025853157043
0.8525921106338501
0.9618876576423645
0.9317687749862671
0.8485835194587708
0.9822105169296265
0.9379077553749084
0.864294707775116
0.9810521602630615
0.9805532693862915
0.8833561539649963
0.9404090642929077
0.9930877685546875
0.9707032442092896
0.9171539545059204
0.8896985054016113
0.7890313863754272
0.903496265411377
0.96529620885849
0.9859323501586914
0.9402315020561218
0.9831357002258301
0.4938856065273285
0.9669313430786133
0.9837286472320557
0.8710464835166931
0.5409201383590698
0.5816294550895691
0.47414326667785645
0.9789964556694031
0.9936538934707642
0.9909155964851379
0.8427137136459351
0.8500356078147888
0.7611898183822632
0.8604086637496948
0.8518353700637817
0.28366193175315857
0.855945885181427
0.9374244809150696
0.9910327792167664
0.9925404191017151
0.8719003200531006
0.9425292015075684
0.9114394187927246
0.9971677660942078
0.9704330563545227
0.9869856834411621
0.8617891669273376
0.9928439259529114
0.9693893194198608
0.9899396896362305
0.37590885162353516
0.8611683249473572
0.927426278591156
0.695951521396637
0.977115273475647
0.9047698378562927
0.955476701259613
0.9974546432495117
0.9747705459594727
0.9669281244277954
0.9938170313835144
0.9006285667419434
0.9923692345619202
0.5404016375541687
0.910640299320221
0.9677208662033081
0.835601806640625
0.27163633704185486
0.6782822608947754
0.5791906118392944
0.8932132124900818
0.9695549011230469
0.9657228589057922
0.1573900729417801
0.8385826945304871
0.9060713648796082
0.9847560524940491
0.9704384207725525
0.9878644943237305
0.9939923882484436
0.920757532119751
0.9755277633666992
0.9545179009437561
0.8426653742790222
0.8033883571624756
0.9461110234260559
0.7710862755775452
0.9460339546203613
0.983461320400238
0.8822725415229797
0.986293613910675
0.8652016520500183
0.9102940559387207
0.944551944732666
0.9746538996696472
0.7839193344116211
0.9702649116516113
0.9438104629516602
0.9028052687644958
0.9306383728981018
0.9432910680770874
0.9186256527900696
0.8610826134681702
0.970331072807312
0.9718919992446899
0.6324591040611267
0.9458437561988831
0.4771661162376404
0.9866654872894287
0.9303432106971741
0.9648190140724182
0.47609081864356995
0.40369537472724915
0.8497077226638794
0.8536089062690735
0.8586626052856445
0.7739008665084839
0.983913242816925
0.9536107778549194
0.9162909984588623
0.9921205043792725
0.9942651987075806
0.7534493803977966
0.9272547364234924
0.9819399118423462
0.9642180800437927
0.9920997023582458
0.9485313296318054
0.9930505156517029
0.9814507365226746
0.8322612643241882
0.9876677989959717
0.9824411273002625
0.9313815832138062
0.982214093208313
0.9875391125679016
0.9827415943145752
0.9247764945030212
0.9591164588928223
0.8961824178695679
0.883335292339325
0.9573248028755188
0.7776975035667419
0.9856273531913757
0.9452465772628784
0.9537808299064636
0.904907763004303
0.9908643960952759
0.9976242184638977
0.41629618406295776
0.6065871119499207
0.9895954728126526
0.2697003185749054
0.8199034333229065
0.9940409064292908
0.9531320333480835
0.5237985849380493
0.9668698906898499
0.9622147083282471
0.9353823661804199
0.9934661388397217
0.9879195094108582
0.9272177219390869
0.7642061114311218
0.9750233888626099
0.9900379180908203
0.9255889058113098
0.2740872800350189
0.9698541164398193
0.9699262380599976
0.7861696481704712
0.7869142293930054
0.9827408194541931
0.8950408697128296
0.9378258585929871
0.9705809950828552
0.9333974719047546
0.9379662871360779
0.9752558469772339
0.9869727492332458
0.9380590319633484
0.9810044765472412
0.991166889667511
0.6790446639060974
0.9771255254745483
0.939561128616333
0.9905354380607605
0.9441250562667847
0.995311975479126
0.992278516292572
0.9352898001670837
0.9915576577186584
0.9847559928894043
0.9970487356185913
0.9191681146621704
0.9159096479415894
0.9598134756088257
0.755940318107605
0.9903746247291565
0.9719964265823364
0.9236860871315002
0.5212802886962891
0.9468652009963989
0.9437692761421204
0.9700729250907898
0.9594982266426086
0.988817036151886
0.9153395891189575
0.9988675713539124
0.8031332492828369
0.9719575047492981
0.13762784004211426
0.8971173763275146
0.9582343697547913
0.9024609923362732
0.9654326438903809
0.9851632714271545
0.9752505421638489
0.9930130243301392
0.9806178212165833
0.9938337206840515
0.3775409758090973
0.7486249208450317
0.5420957803726196
0.8617785573005676
0.966108500957489
0.8846315741539001
0.9605150818824768
0.9704639911651611
0.9815572500228882
0.9841507077217102
0.883313000202179
0.6509571075439453
0.5113446712493896
0.9704561233520508
0.9879646301269531
0.9887657165527344
0.8189758658409119
0.9333188533782959