0.8781266808509827
0.7835229635238647
0.9645528197288513
0.44408658146858215
0.6889347434043884
0.942599892616272
0.9102672338485718
0.6691247820854187
0.8824217319488525
0.9842951893806458
0.9506979584693909
0.938522219657898
0.43904349207878113
0.9861254096031189
0.9411123394966125
0.7751368880271912
0.48816415667533875
0.8551097512245178
0.5853726863861084
0.3319779932498932
0.8966196775436401
0.7997864484786987
0.9916694164276123
0.7015627026557922
0.5920000076293945
0.47164416313171387
0.992235541343689
0.43920812010765076
0.9414913058280945
0.47178182005882263
0.9792664051055908
0.9244399666786194
0.5086103081703186
0.6922289133071899
0.7750023603439331
0.9758599400520325
0.9427133798599243
0.991094172000885
0.9309104084968567
0.9572235941886902
0.9932978749275208
0.9592728018760681
0.9825422763824463
0.8582218885421753
0.8058549761772156
0.9422516226768494
0.8613514304161072
0.9958911538124084
0.7921013832092285
0.9693079590797424
0.9207046031951904
0.21915127336978912
0.9940109252929688
0.9306407570838928
0.933259904384613
0.909712016582489
0.9877561926841736
0.8858820796012878
0.27849289774894714
0.7255629897117615
0.740612804889679
0.9696545004844666
0.9189327955245972
0.6519016623497009
0.6803625226020813
0.5115490555763245
0.9929242134094238
0.9631468653678894
0.41896453499794006
0.9471780061721802
0.46631336212158203
0.9962925314903259
0.9971394538879395
0.9890831112861633
0.9899561405181885
0.8862100839614868
0.9981432557106018
0.9883806109428406
0.9895374774932861
0.772727370262146
0.9792477488517761
0.9973176717758179
0.9985821843147278
0.9846310019493103
0.7283950448036194
0.9876134395599365
0.8897469639778137
0.4114488959312439
0.8117771744728088
0.8611177206039429
0.9578069448471069
0.8994213938713074
0.661197304725647
0.9915874004364014
0.5873532295227051
0.9802998304367065
0.9857689738273621
0.7301833629608154
0.8313114047050476
0.5878130197525024
0.5890539288520813
0.6255208253860474
0.7515615224838257
0.6608185172080994
0.9216217398643494
0.5605067014694214
0.9818253517150879
0.9812777042388916
0.9381442666053772
0.995406985282898
0.821395218372345
0.5000836253166199
0.8906585574150085
0.3882381021976471
0.314997136592865
0.6952921748161316
0.9750366806983948
0.975659191608429
0.8053826689720154
0.8888092637062073
0.8597448468208313
0.7779709100723267
0.9914687275886536
0.9931684732437134
0.9646576046943665
0.9719393253326416
0.4842441976070404
0.9844056367874146
0.33894792199134827
0.7287628054618835
0.8883436322212219
0.1397804468870163
0.08875284343957901
0.8783767223358154
0.5247871279716492
0.9916830062866211
0.11486087739467621
0.3235798180103302
0.5857634544372559
0.32887575030326843
0.9778236150741577
0.277205228805542
0.3259623944759369
0.9905810952186584
0.9702765941619873
0.9494438171386719
0.6725925207138062
0.6841868162155151
0.31477147340774536
0.7356581091880798
0.9694120287895203
0.7433049082756042
0.984830379486084
0.2136751264333725
0.5262364745140076
0.9423545002937317
0.8982915282249451
0.8904772996902466
0.9865327477455139
0.9957357048988342
0.20968428254127502
0.94510817527771
0.9782416820526123
0.4184654951095581
0.9948335289955139
0.7254018783569336
0.9570884704589844
0.028738847002387047
0.9980455040931702
0.9475623369216919
0.980390727519989
0.34994709491729736
0.9891105890274048
0.9484895467758179
0.9235662221908569
0.9268130660057068
0.9412305355072021
0.2746292054653168
0.5385410785675049
0.9889828562736511
0.9549797773361206
0.9074169397354126
0.31467530131340027
0.9673784375190735
0.974479079246521
0.8979302048683167
0.8979392051696777
0.41995489597320557
0.88060462474823
0.9187907576560974
0.4765191376209259
0.9800625443458557
0.664048433303833
0.4745613634586334
0.7507455348968506
0.8029724359512329
0.815555214881897
0.992864727973938
0.468933641910553
0.8222986459732056
0.9152838587760925
0.9930903911590576
0.9662240743637085
0.9586952328681946
0.9858571290969849
0.9958077669143677
0.6706911325454712
0.5495100021362305
0.969706118106842
0.8382102847099304
0.9336097240447998
0.8312132954597473
0.9916267991065979
0.995648980140686
0.7630763053894043
0.7413609027862549
0.9846667051315308
0.8712594509124756
0.6480779647827148
0.9685373306274414
0.5321992039680481
0.6272078156471252
0.9248338937759399
0.5652835965156555
0.9921914339065552
0.7310042977333069
0.9924414157867432
0.22638782858848572
0.47296199202537537
0.38296714425086975
0.6966893076896667
0.9915542006492615
0.9898177981376648
0.532899796962738
0.7837041616439819
0.9041798114776611
0.968589186668396
0.9831670522689819
0.7929272055625916
0.9802596569061279
0.8554784059524536
0.6709257960319519
0.9993507266044617
0.9868242740631104
0.9421061873435974
0.951164186000824
0.7314803600311279
0.9878529906272888
0.9111523628234863
0.4141075015068054
0.9660351276397705
0.6723756790161133
0.8837610483169556
0.9492189288139343
0.9470312595367432
0.7646920084953308
0.9880508780479431
0.9658352732658386
0.9852170348167419
0.9718209505081177
0.9463921785354614
0.9884396195411682
0.9630698561668396
0.9855528473854065
0.9347690939903259
0.961502194404602
0.9696018099784851
0.9657382369041443
0.7474881410598755
0.8309818506240845
0.8796252012252808
0.8479129076004028
0.33958402276039124
0.975777804851532
0.6389315128326416
0.924010157585144
0.9845211505889893
0.9948192834854126
0.9532291889190674
0.2547767758369446
0.8808955550193787
0.9240366816520691
0.9937909245491028
0.9696525931358337
0.1686549037694931
0.7608039379119873
0.8115395307540894
0.8169884085655212
0.9706141352653503
0.644194483757019
0.9563395380973816
0.9746508002281189
0.8496212959289551
0.905188798904419
0.9562364220619202
0.9854612946510315
0.9848605394363403
0.2969515323638916
0.5956671833992004
0.972934365272522
0.9818482995033264
0.4494592249393463
0.9353834390640259
0.9965906143188477
0.9930572509765625
0.9868594408035278
0.9532544016838074
0.9849568009376526
0.4523630738258362
0.9744577407836914
0.8924346566200256
0.944516658782959
0.6401613354682922
0.9815594553947449
0.8085916638374329
0.35964348912239075
0.6828727722167969
0.20867110788822174
0.9937801361083984
0.41027796268463135
0.35610517859458923
0.8055193424224854
0.940165638923645
0.7384237051010132
0.9267461895942688
0.7588750123977661
0.8398379683494568
0.9913815855979919
0.9768920540809631
0.9949740767478943
0.9716689586639404
0.9190222024917603
0.9757024049758911
0.8322502374649048
0.9977368116378784
0.5747580528259277
0.798208475112915
0.42330068349838257
0.817110002040863
0.9500584006309509
0.9275753498077393
0.9475427269935608
0.7970942854881287
0.6006537079811096
0.17929433286190033
0.9061665534973145
0.14841392636299133
0.5514735579490662
0.941503643989563
0.359300434589386
0.22401800751686096
0.4205154478549957
0.24135412275791168
0.7996360063552856
0.7564272284507751
0.5666201710700989
0.9379574656486511
0.6042717099189758
0.4744199514389038
0.9961699843406677
0.42056259512901306
0.8678675889968872
0.5453885793685913
0.698662281036377
0.7871555089950562
0.8105218410491943
0.9135578870773315
0.8605972528457642
0.7470709681510925
0.4750257432460785
0.5981627702713013
0.4553942084312439
0.2726665437221527
0.3995765149593353
0.4064016342163086
0.9660414457321167
0.8731550574302673
0.8601266145706177
0.8213678598403931
0.9484355449676514
0.7090562582015991
0.9915629625320435
0.9494316577911377
0.9927371144294739
0.9186956882476807
0.9977641701698303
0.9267975091934204
0.9932981133460999
0.9498464465141296
0.8887909650802612
0.8762645721435547
0.808168888092041
0.8204740881919861
0.9344905018806458
0.7058943510055542
0.7856962084770203
0.7097766399383545
0.8394049406051636
0.35092049837112427
0.26336053013801575
0.9907087087631226
0.678393542766571
0.8787185549736023
0.20066207647323608
0.9955191016197205
0.08870672434568405
0.9887998104095459
0.5558825731277466
0.0894627794623375
0.952805757522583
0.3855118751525879
0.9809762835502625
0.6489649415016174
0.608133852481842
0.9905909895896912
0.986970841884613
0.969520628452301
0.9937385320663452
0.9835389256477356
0.9857017993927002
0.5250523686408997
0.3764541447162628
0.9969630837440491
0.9898289442062378
0.35914346575737
0.7621569633483887
0.8767237663269043
0.9754838347434998
0.8073817491531372
0.7315835356712341
0.6221250295639038
0.9825799465179443
0.9924196004867554
0.9676515460014343
0.5672120451927185
0.593087911605835
0.8722257018089294
0.9821703433990479
0.9065806865692139
0.9929982423782349
0.9459745287895203
0.8819121718406677
0.30348166823387146
0.9087905287742615
0.9921517372131348
0.9680724740028381
0.9632278680801392
0.6710686683654785
0.868474006652832
0.9964897632598877
0.9792301654815674
0.9927197694778442
0.9319714307785034
0.7952258586883545
0.5709109902381897
0.13757415115833282
0.9926493167877197
0.9484779834747314
0.5015762448310852
0.9883791208267212
0.8738341331481934
0.6610433459281921
0.6259206533432007
0.684027373790741
0.8938032388687134
0.5769882798194885
0.5312420725822449
0.4688819944858551
0.9560931921005249
0.9158377051353455
0.9892396330833435
0.05821852758526802
0.19424229860305786
0.7650216221809387
0.9340075850486755
0.8766862154006958
0.9955041408538818
0.9508266448974609
0.9257761240005493
0.25050026178359985
0.9865633249282837
0.9957820177078247
0.9969265460968018
0.5790994167327881
0.26195892691612244
0.6802711486816406
0.8936527371406555
0.9261654615402222
0.7284770607948303
0.9117479920387268
0.963099479675293
0.9903924465179443
0.9832589626312256
0.774427592754364
0.5949713587760925
0.8205904960632324
0.9504584670066833
0.23389919102191925
0.2193116545677185
0.37315401434898376
0.9871541857719421
0.9810743927955627
0.9792924523353577
0.9929136633872986
0.9987407326698303
0.9859530329704285
0.08024756610393524
0.7562651634216309
0.9664961099624634
0.7421575784683228
0.7266665697097778
0.35166454315185547
0.9838600158691406
0.9903314709663391
0.9898173213005066
0.9899904727935791
0.9782298803329468
0.9129304885864258
0.9907867908477783
0.6973187923431396
0.9637711644172668
0.31878015398979187
0.9517912864685059
0.988927960395813
0.9551023244857788
0.9710261821746826
0.9305046796798706
0.98021000623703
0.7034304141998291
0.7965155243873596
0.9959039092063904
0.8698464632034302
0.8529412150382996
0.21726247668266296
0.9697599411010742
0.6886022090911865
0.8198115229606628
0.5762680768966675
0.4788557291030884
0.9669583439826965
0.6312536001205444
0.2964247167110443
0.9942224621772766
0.809192419052124
0.8847252726554871
0.8239790201187134
0.9207313060760498
0.5806153416633606
0.9942889213562012
0.994933009147644
0.9867752194404602
0.28496038913726807
0.982618510723114
0.9916812777519226
0.9602628946304321
0.9701381921768188
0.44517871737480164
0.9568531513214111
0.8273696899414062
0.9887898564338684
0.6245385408401489
0.990704357624054
0.9472625255584717
0.9455909132957458
0.9246864318847656
0.9490239024162292
0.8644048571586609
0.9794339537620544
0.9866210222244263
0.8161551356315613
0.9922521710395813
0.9734112620353699
0.9923967123031616
0.9800359606742859
0.9795622229576111
0.5139307379722595
0.8005036115646362
0.932884156703949
0.988446831703186
0.8967392444610596
0.8522295355796814
0.9923158884048462
0.9959957599639893
0.9877195954322815
0.8262925148010254
0.8854839205741882
0.8750386834144592
0.9533082246780396
0.9824723601341248
0.9920498728752136
0.343284010887146
0.9752278327941895
0.21891602873802185
0.997941792011261
0.9978320598602295
0.9694719910621643
0.7448732852935791
0.956490159034729
0.9336012601852417
0.9382936358451843
0.5967713594436646
0.9797329306602478
0.9915243983268738
0.6977224349975586
0.22797386348247528
0.981487512588501
0.9879199862480164
0.47960612177848816
0.4718024432659149
0.5803982019424438
0.9699187278747559
0.8540031313896179
0.9344361424446106
0.9671633839607239
0.9593979716300964
0.961784303188324
0.9331023097038269
0.41108113527297974
0.8700244426727295
0.3833698630332947
0.9912977814674377
0.9753414392471313
0.9942626953125
0.993806004524231
0.33567574620246887
0.9150604009628296
0.9348171353340149
0.9102655053138733
0.7436824440956116
0.8108662366867065
0.8272274732589722
0.9579280018806458
0.3581607937812805
0.9170821905136108
0.8992177844047546
0.9687061905860901
0.9845576882362366
0.9616222381591797
0.9973822236061096
0.9874438047409058
0.9349921941757202
0.8874444961547852
0.9977126717567444
0.9992697834968567
0.9974912405014038
0.9718351364135742
0.8670090436935425
0.7992157340049744
0.9967791438102722
0.9852394461631775
0.9951087832450867
0.993008553981781
0.6410886645317078
0.7569339871406555
0.9156802296638489
0.9852657318115234
0.9726760983467102
0.795961856842041
0.8579029440879822
0.7955177426338196
0.9834722876548767
0.9956546425819397
0.8745854496955872
0.8131706714630127
0.9912149906158447
0.18172892928123474
0.9973258972167969
0.8107658624649048
0.9384918808937073
0.9366903305053711
0.9946526885032654
0.41452181339263916
0.853371798992157
0.8710301518440247
0.8995053768157959
0.49065113067626953
0.8306676745414734
0.8072360157966614
0.9880796670913696
0.9660317897796631
0.9692254066467285
0.7503772974014282
0.997356653213501
0.8804412484169006
0.7488484382629395
0.9403106570243835
0.8883935809135437
0.5446223020553589
0.9495059847831726
0.9089621901512146
0.32974398136138916
0.9846524596214294
0.7315095067024231
0.30510008335113525
0.9952014684677124
0.993211030960083
0.8680102229118347
0.9759165048599243
0.9577366709709167
0.6881296038627625
0.37621328234672546
0.9914268851280212
0.9135845899581909
0.9933882355690002
0.7076590061187744
0.935236930847168
0.9883320927619934
0.9697628617286682
0.8292244076728821
0.9040736556053162
0.9677330255508423
0.9773291945457458
0.9901241660118103
0.9354774355888367
0.986535906791687
0.25370296835899353
0.9311208128929138
0.408581405878067
0.9066289067268372
0.9447313547134399
0.994574785232544
0.9826562404632568
0.9986381530761719
0.9433708786964417
0.8760066628456116
0.9574028849601746
0.985575258731842
0.9926519393920898
0.9484890103340149
0.8022739291191101
0.9913520216941833
0.9847018718719482
0.9929532408714294
0.9916691780090332
0.7983081340789795
0.8040158748626709
0.3412061929702759
0.8938469886779785
0.22329361736774445
0.9709505438804626
0.9886400103569031
0.933925449848175
0.9637376666069031
0.378823459148407
0.984839141368866
0.5097602009773254
0.9964699149131775
0.993829071521759
0.653147280216217
0.7027791738510132
0.9962294101715088
0.670840859413147
0.5837367177009583
0.961514413356781
0.9781661629676819
0.9882356524467468
0.8807477355003357
0.9961397647857666
0.9869961142539978
0.9488437175750732
0.9000571370124817
0.917705237865448
0.6188867092132568
0.21201375126838684
0.7294480800628662
0.2749522030353546
0.9715369343757629
0.9831919074058533
0.9710147380828857
0.35210728645324707
0.9886005520820618
0.8924065828323364
0.9880707263946533
0.9736379384994507
0.8514649868011475
0.7277923822402954
0.9362027645111084
0.3787931799888611
0.524519145488739
0.9697595834732056
0.8979041576385498
0.9522419571876526
0.969753086566925
0.7812768220901489
0.9005981087684631
0.9188897013664246
0.7187263369560242
0.8642846941947937
0.4037984013557434
0.9834244251251221
0.5201500654220581
0.9190031886100769
0.9843749403953552
0.45318639278411865
0.5603148937225342
0.9445023536682129
0.9824425578117371
0.945145845413208
0.9891146421432495
0.9211853742599487
0.9936557412147522
0.9902676343917847
0.8898645043373108
0.6591289043426514
0.9823184013366699
0.9944813251495361
0.2637311518192291
0.5417714715003967
0.9408848881721497
0.9842130541801453
0.34501513838768005
0.698157012462616
0.5344866514205933
0.5981849431991577
0.6093438863754272
0.6499702334403992
0.9741758704185486
0.9843582510948181
0.6607421040534973
0.5765118598937988
0.9580301642417908
0.9903331995010376
0.7613610029220581
0.9874117970466614
0.9624210596084595
0.9801537394523621
0.8674826622009277
0.7586458325386047
0.9926926493644714
0.9753855466842651
0.9904727935791016
0.9272947311401367
0.9861451387405396
0.9626607298851013
0.9951336979866028
0.7078590989112854
0.9866455793380737
0.770664632320404
0.97784423828125
0.35150831937789917
0.6152114272117615
0.9864471554756165
0.7809144258499146
0.9621894955635071
0.6057898998260498
0.9928016662597656
0.8146467804908752
0.8972541093826294
0.8888683915138245
0.6954379677772522
0.9961166381835938
0.5867700576782227
0.7644372582435608
0.8018916845321655
0.9952787756919861
0.8481561541557312
0.3343026041984558
0.9971968531608582
0.9908580183982849
0.9507419466972351
0.7238455414772034
0.9039274454116821
0.9737927913665771
0.9958720207214355
0.9916594624519348
0.9628004431724548
0.9416599273681641
0.8689724802970886
0.9808861613273621
0.9870253801345825
0.9966738820075989
0.9641092419624329
0.9962711334228516
0.9635555148124695
0.9962688684463501
0.9926376938819885
0.21238449215888977
0.9952220320701599
0.5861758589744568
0.9587351083755493
0.9848507642745972
0.9811027646064758
0.48711830377578735
0.4225772023200989
0.8433331847190857
0.814933717250824
0.9537115097045898
0.9584100246429443
0.9596508145332336
0.9943749904632568
0.9962115287780762
0.5466942191123962
0.46948888897895813
0.9560849666595459
0.9854804277420044
0.9967771172523499
0.9653257131576538
0.9358371496200562
0.995721697807312
0.9800949692726135
0.9341849088668823
0.9699125289916992
0.9953069090843201
0.6310299634933472
0.9581444263458252
0.9377048015594482
0.9955365061759949
0.58011794090271
0.309409499168396
0.5207167267799377
0.9786518216133118
0.969190239906311
0.971125602722168
0.98866206407547
0.9485364556312561
0.8269999027252197
0.5197292566299438
0.9589518904685974
0.6727529168128967
0.9445123076438904
0.8837489485740662
0.9913501143455505
0.7909907698631287
0.3451225459575653
0.9318922162055969
0.9926067590713501
0.9951202273368835
0.8606901168823242
0.7529857158660889
0.9915279746055603
0.9910139441490173
0.993870735168457
0.9986974596977234
0.9557589292526245
0.6568807363510132
0.9993345737457275
0.9889956116676331
0.9939916133880615
0.5441546440124512
0.7454468011856079
0.9917495250701904
0.7856349349021912
0.8756635189056396
0.9803792238235474
0.9605315327644348
0.36447373032569885
0.4724367558956146
0.8777604699134827
0.9784999489784241
0.8605912327766418
0.9503327012062073
0.8944031596183777
0.9722940325737
0.18141265213489532
0.9374325275421143
0.888763964176178
0.991257905960083
0.9212352633476257
0.6032676100730896
0.970761239528656
0.39103150367736816
0.9859714508056641
0.8950511813163757
0.9591866731643677
0.9932767748832703
0.7490781545639038
0.9233840107917786
0.7903258204460144
0.6636365056037903
0.48214736580848694
0.5762159824371338
0.9951933026313782
0.9582781791687012
0.9951220154762268
0.9826953411102295
0.9955444931983948
0.980258047580719
0.36055052280426025
0.9717138409614563
0.9854640960693359
0.9941971302032471
0.8546010255813599
0.9105265140533447
0.9304962158203125
0.9000384211540222
0.3179124891757965
0.10213017463684082
0.9836348295211792
0.9966075420379639
0.8954296708106995
0.953407883644104
0.9741445779800415
0.9300849437713623
0.9941275715827942
0.5463650822639465
0.934776246547699
0.8872489929199219
0.5776308178901672
0.4978911876678467
0.9629907011985779
0.5216387510299683
0.4994991719722748
0.9761006236076355
0.9933570027351379
0.6731309294700623
0.9598672389984131
0.8060422539710999
0.6043585538864136
0.32543644309043884
0.7190470695495605
0.7099071145057678
0.3586346507072449
0.991552472114563
0.7664550542831421
0.9432911276817322
0.9092907309532166
0.9732177257537842
0.9334557056427002
0.9814785718917847
0.952737033367157
0.740609347820282
0.9173537492752075
0.9940183162689209
0.8133853673934937
0.9539419412612915
0.9140613079071045
0.6984307765960693
0.970777690410614
0.9682052731513977
0.4748644530773163
0.8125203847885132
0.9138888716697693
0.9845390915870667
0.8343091011047363
0.9849758148193359
0.19834008812904358
0.9926499724388123
0.9306305646896362
0.9388992786407471
0.997170090675354
0.9921824932098389
0.35798248648643494
0.8872784972190857
0.9926087856292725
0.971168041229248
0.20162701606750488
0.951727569103241
0.9802337884902954
0.27203038334846497
0.9730848670005798
0.9490833282470703
0.9807285070419312
0.7144927978515625
0.9862669110298157
0.4997018873691559
0.9389664530754089
0.9885755777359009
0.9100461006164551
0.9940714836120605
0.9810658097267151
0.08485155552625656
0.996187686920166
0.9346039295196533
0.8990618586540222
0.9908052086830139
0.993665874004364
0.9975302219390869
0.5285157561302185
0.9046854376792908
0.523009181022644
0.7304123640060425
0.9619331359863281
0.5318976044654846
0.7664403319358826
0.9702333211898804
0.3242292106151581
0.9652793407440186
0.9467376470565796
0.9627131223678589
0.8864791989326477
0.9444705247879028
0.9675604701042175
0.6264560222625732
0.9236960411071777
0.9459116458892822
0.9886635541915894
0.1481194943189621
0.9839339852333069
0.8011803030967712
0.6760075092315674
0.8742460608482361
0.9557302594184875
0.8833974003791809
0.7306351065635681
0.8475186228752136
0.9731679558753967
0.632541835308075
0.903469979763031
0.9203037023544312
0.8492900133132935
0.9648382663726807
0.9681113362312317
0.8372030258178711
0.6017983555793762
0.04479135572910309
0.8941726088523865
0.7496145367622375
0.9839200973510742
0.7608321309089661
0.9222469925880432
0.9895699620246887
0.9947941303253174
0.8221542835235596
0.9791169166564941
0.8690491914749146
0.9917088150978088
0.22755517065525055
0.24974200129508972
0.9302356243133545
0.11958010494709015
0.9984127283096313
0.9446457624435425
0.9482678174972534
0.9729747176170349
0.8273604512214661
0.8881471157073975
0.9876558780670166
0.18198421597480774
0.9234583377838135
0.9908232092857361
0.9973247647285461
0.9338715076446533
0.9022758603096008
0.9828755259513855
0.6234660148620605
0.8351293206214905
0.9513596296310425
0.7669039368629456
0.9152768850326538
0.40039777755737305
0.42147618532180786
0.45626428723335266
0.29953643679618835
0.973933756351471
0.8093737959861755
0.9975330233573914
0.9839380383491516
0.964045524597168
0.23215164244174957
0.9501975178718567
0.9873569011688232
0.5938094854354858
0.8188515901565552
0.8530080318450928
0.5928923487663269
0.9890448451042175
0.9075713753700256
0.8733701705932617
0.9353156089782715
0.9943660497665405
0.9162157773971558
0.88645339012146
0.9702841639518738
0.9824727773666382
0.6347671151161194
0.9926486611366272
0.8499996662139893
0.9952367544174194
0.9440920948982239
0.9902865290641785
0.5799304246902466
0.9639672040939331
0.6245054602622986
0.901129424571991
0.9688085317611694
0.9476654529571533
0.9394862651824951
0.9960688352584839
0.8179741501808167
0.984586238861084
0.9585114121437073
0.5712323784828186
0.9686712622642517
0.9264311194419861
0.6492587924003601
0.5746070146560669
0.9966475367546082
0.5927233695983887
0.9907094240188599
0.9665279984474182
0.38974395394325256
0.7935655117034912
0.9894517064094543
0.9701436758041382
0.9955515265464783
0.8380609154701233
0.7396536469459534
0.9944619536399841
0.9376587271690369
0.9806751012802124
0.8250232934951782
0.7115614414215088
0.9558350443840027
0.7421010136604309
0.7226200699806213
0.9936522245407104
0.8644393086433411
0.9794027209281921
0.9991563558578491
0.680851936340332
0.9957830905914307
0.9679285883903503
0.9027474522590637
0.6105164289474487
0.3899385929107666
0.8606938719749451
0.6750620603561401
0.9950810670852661
0.3552398979663849
0.8832111358642578
0.9335895776748657
0.9912034869194031
0.97048020362854
0.9241670966148376
0.4929903447628021
0.8357124924659729
0.7876313328742981
0.8462011814117432
0.7002006769180298
0.8644357323646545
0.6192869544029236
0.4341743290424347
0.20551857352256775
0.9334139823913574
0.8356626629829407
0.3069293797016144
0.7330185174942017
0.8639792799949646
0.5257033705711365
0.7429524660110474
0.926842451095581
0.8537601828575134
0.9152407646179199
0.8320358395576477
0.6982085108757019
0.6623412370681763
0.9679781794548035
0.9327487349510193
0.781079888343811
0.8370648622512817
0.5551676750183105
0.9388033151626587
0.5439088344573975
0.8581269979476929
0.8630488514900208
0.9224241971969604
0.8177511692047119
0.9591905474662781
0.4570344090461731
0.9344161152839661
0.917357325553894
0.9836356043815613
0.5852922797203064
0.9506139755249023
0.976498544216156
0.8478780388832092
0.9389235377311707
0.8711154460906982
0.8474042415618896
0.5140783190727234
0.9537402391433716
0.9859415292739868
0.8972721099853516
0.9882168769836426
0.9789630174636841
0.9610316753387451
0.9511382579803467
0.9493793845176697
0.9111739993095398
0.99493008852005
0.871858537197113
0.8145910501480103
0.9603406190872192
0.9802863001823425
0.9891569018363953
0.9868395328521729
0.9859293103218079
0.9794763922691345
0.8454195857048035
0.9905181527137756
0.8903101086616516
0.8035158514976501
0.24533063173294067
0.70823073387146
0.9395180344581604
0.9590075016021729
0.35472944378852844
0.3606860041618347
0.9548929333686829
0.9596468806266785
0.6502829790115356
0.6357019543647766
0.9176946878433228
0.9169823527336121
0.9791036248207092
0.9187524914741516
0.9865429997444153
0.8110702037811279
0.9942626953125
0.9767084121704102
0.9947052001953125
0.9573023915290833
0.973222017288208
0.6681511998176575
0.8735349178314209
0.9931280612945557
0.9981177449226379
0.9801839590072632
0.3028249144554138
0.531680166721344
0.9866369366645813
0.9244890213012695
0.9877699613571167
0.9840552806854248
0.9905694723129272
0.9952132701873779
0.9709401726722717
0.913175642490387
0.9247047901153564
0.899989664554596
0.7996904850006104
0.9906265139579773
0.9556822180747986
0.9915007948875427
0.967012882232666
0.92009437084198
0.8267263770103455
0.9915117621421814
0.9861271977424622
0.9179840683937073
0.9979375004768372
0.5426982641220093
0.4636281430721283
0.8235655426979065
0.9892772436141968
0.9893032312393188
0.9641329050064087
0.971167266368866
0.9923356175422668
0.9855551719665527
0.9456052780151367
0.9688218235969543
0.6471850872039795
0.9093833565711975
0.9199384450912476
0.951117217540741
0.9958065748214722
0.9961650967597961
0.9307500123977661
0.9677842855453491
0.9609211087226868
0.9184226393699646
0.8834371566772461
0.9261664152145386
0.9875892996788025
0.8149715662002563
0.9816296696662903
0.9947106242179871
0.9155232906341553
0.9901395440101624
0.9846811294555664
0.9131481647491455
0.8587040901184082
0.9311423301696777
0.9935214519500732
0.40497779846191406
0.624993085861206
0.6477711200714111
0.8039182424545288
0.9638767242431641
0.9852490425109863
0.7039148211479187
0.9239022135734558
0.35883378982543945
0.6017485857009888
0.9156731367111206
0.996547281742096
0.9543494582176208
0.9199346303939819
0.9737992286682129
0.8782739043235779
0.9719752073287964
0.8888457417488098
0.6801846623420715
0.4671455919742584
0.9901349544525146
0.9963563680648804
0.9640091061592102
0.9632378816604614
0.6244896054267883
0.9289892315864563
0.9677640199661255
0.12042021006345749
0.9729626774787903
0.9367340803146362
0.34029102325439453
0.6310479044914246
0.9862784743309021
0.993712842464447
0.21567168831825256
0.9584591388702393
0.9190333485603333
0.3887042999267578
0.6194491386413574
0.8248015642166138
0.9858962893486023
0.9876328110694885
0.9823715686798096
0.8981903791427612
0.9960520267486572
0.853904664516449
0.9156435132026672
0.9814643859863281
0.9258624911308289
0.9054054021835327
0.9710959792137146
0.8980050086975098
0.6929222345352173
0.9904793500900269
0.992530345916748
0.8887140154838562
0.995843231678009
0.5903446674346924
0.9797476530075073
0.9661741852760315
0.8283287286758423
0.8939050436019897
0.734481692314148
0.42067214846611023
0.919224202632904
0.28844502568244934
0.987130343914032
0.9906582832336426
0.9887710809707642
0.873127281665802
0.9495555758476257
0.9894903898239136
0.9920157194137573
0.624614417552948
0.2512531876564026
0.776269257068634
0.9906506538391113
0.7433829307556152
0.9272171854972839
0.9976063370704651
0.882056474685669
0.9151343703269958
0.9122319221496582
0.2938646078109741
0.45027032494544983
0.19481347501277924
0.4529162347316742
0.9271349906921387
0.9717196226119995
0.9833906292915344
0.8763651251792908
0.07251682877540588
0.5586670637130737
0.8694248795509338
0.977059006690979
0.9018093347549438
0.5327349901199341
0.9760967493057251
0.6188080906867981
0.9263281226158142
0.9980394840240479
0.9628276824951172
0.9588961005210876
0.4401674270629883
0.30267390608787537
0.9475687742233276
0.97212153673172
0.5781494379043579
0.9815332293510437
0.23497846722602844
0.6364501118659973
0.9521183371543884
0.9170494675636292
0.9787024259567261
0.9852161407470703
0.8411736488342285
0.9512669444084167
0.986358106136322
0.6091910600662231
0.7401851415634155
0.9818280339241028
0.872026264667511
0.34620365500450134
0.8943014144897461
0.8802348971366882
0.8029576539993286
0.3303915560245514
0.3209056556224823
0.7075359225273132
0.8504934906959534
0.9788130521774292
0.99747234582901
0.9593912363052368
0.9905433654785156
0.9654104113578796
0.8212772607803345
0.8869203329086304
0.6168015003204346
0.9941427707672119
0.7761655449867249
0.5182839035987854
0.9932085275650024
0.6093087196350098
0.9727368950843811
0.6718729138374329
0.994856059551239
0.8429557085037231
0.985729992389679
0.9902956485748291
0.6848063468933105
0.48524951934814453
0.6786306500434875
0.8026987910270691
0.35741686820983887
0.9780151844024658
0.9934661388397217
0.996241569519043
0.30111074447631836
0.5659232139587402
0.9629822969436646
0.9663886427879333
0.9801709055900574
0.9921744465827942
0.9819282293319702
0.3178935647010803
0.9171898365020752
0.6465809941291809
0.9872617125511169
0.5414323806762695
0.3711354732513428
0.9731916785240173
0.6411596536636353
0.8199285864830017
0.8801462054252625
0.33161190152168274
0.9422140121459961
0.8656841516494751
0.8510631322860718
0.8015574216842651
0.991262674331665
0.765173077583313
0.7114694118499756
0.9931137561798096
0.9905348420143127
0.9965874552726746
0.9773868322372437
0.9796301126480103
0.9873818159103394
0.9919634461402893
0.8941930532455444
0.9610255360603333
0.9583159685134888
0.9146634340286255
0.6748602390289307
0.986047625541687
0.9968745708465576
0.8499723076820374
0.31371402740478516
0.9641817808151245
0.9929885268211365
0.969451367855072
0.9901502728462219
0.8118381500244141
0.9383522272109985
0.9605820775032043
0.93927001953125
0.9881961941719055
0.7673272490501404
0.9630237221717834
0.2606515884399414
0.9228315949440002
0.9389419555664062
0.9771986603736877
0.8517204523086548
0.9567954540252686
0.46683216094970703
0.5729257464408875
0.403095006942749
0.9614590406417847
0.798827588558197
0.7283144593238831
0.9879741072654724
0.9830150008201599
0.9791223406791687
0.9676583409309387
0.4872497618198395
0.6163475513458252
0.5503633618354797
0.9503880143165588
0.9141032695770264
0.9342359304428101
0.8680585622787476
0.37699785828590393
0.9471622705459595
0.7626832723617554
0.944730818271637
0.9499632716178894
0.9820529222488403
0.993614137172699
0.9039757251739502
0.9664896726608276
0.8758429288864136
0.15507273375988007
0.47014760971069336
0.38752973079681396
0.6973040103912354
0.9865872859954834
0.5711653232574463
0.8929116725921631
0.9765601754188538
0.33792755007743835
0.9233096241950989
0.9929564595222473
0.912621259689331
0.9771676659584045
0.9275265336036682
0.7796711921691895
0.8492676615715027
0.7597850561141968
0.9975343346595764
0.57401442527771
0.9502748847007751
0.9978495240211487
0.9937379360198975
0.9418456554412842
0.99244225025177
0.9451857805252075
0.9836970567703247
0.8219395279884338
0.9905184507369995
0.3848097026348114
0.9455589652061462
0.583645224571228
0.33970966935157776
0.6685099005699158
0.8170862197875977
0.7091788649559021
0.9892728328704834
0.8461908102035522
0.9549043774604797
0.7898170948028564
0.1289406567811966
0.6745779514312744
0.5409061312675476
0.867637038230896
0.8699700236320496
0.860031247138977
0.7553395628929138
0.9925387501716614
0.7934147715568542
0.45650938153266907
0.8122705221176147
0.9526312947273254
0.6829181909561157
0.31987741589546204
0.9076590538024902
0.9413902759552002
0.4173371493816376
0.8825927376747131
0.7480828166007996
0.7119621634483337
0.8986796736717224
0.8806940913200378
0.7555274367332458
0.9870190620422363
0.9650053977966309
0.03167794272303581
0.921673595905304
0.8919283151626587
0.9774088263511658
0.7770673036575317
0.9863382577896118
0.961106538772583
0.5365964770317078
0.916425883769989
0.9872570037841797
0.17682069540023804
0.8274847865104675
0.9744781255722046
0.07674571871757507
0.9839178323745728
0.8365911245346069
0.8113982677459717
0.8744685649871826
0.214286670088768
0.9616968035697937
0.8807268142700195
0.9659017324447632
0.9532326459884644
0.8310257792472839
0.7986598014831543
0.9896847605705261
0.5401715636253357
0.9885507822036743
0.6074678897857666
0.9643576145172119
0.8771833181381226
0.9311684370040894
0.9713127017021179
0.9818065166473389
0.9219803214073181
0.9672830700874329
0.8371661305427551
0.707011342048645
0.9270602464675903
0.9824719429016113
0.9729008674621582
0.827244222164154
0.6970173716545105
0.26456111669540405
0.9740350246429443
0.7828295230865479
0.9281673431396484
0.40268415212631226
0.9482302069664001
0.983616828918457
0.9752191305160522
0.9014459848403931
0.8040412068367004
0.8722429275512695
0.9828726053237915
0.7950988411903381
0.977637767791748
0.93535977602005
0.8726087808609009
0.9625959992408752
0.9919694066047668
0.6845600605010986
0.9241923689842224
0.9816734790802002
0.8610427975654602
0.9912084937095642
0.917329728603363
0.9474504590034485
0.6909467577934265
0.9045949578285217
0.9898940324783325
0.6473348140716553
0.9670512676239014
0.9893770813941956
0.9548508524894714
0.9920429587364197
0.9182254076004028
0.9976121783256531
0.9054858684539795
0.991424024105072
0.9954934120178223
0.9164277911186218
0.9754589796066284
0.9948164820671082
0.9882820844650269
0.6932485103607178
0.7642699480056763
0.9217852354049683
0.9501066207885742
0.8603057861328125
0.3144240975379944
0.9507837891578674
0.4987236559391022
0.6381164789199829
0.9895618557929993
0.3841633200645447
0.9680001139640808
0.9556254744529724
0.9685418605804443
0.9931625723838806
0.8653686046600342
0.9661571383476257
0.9806424975395203
0.31386980414390564
0.8124912977218628
0.9904747009277344
0.6235084533691406
0.984136164188385
0.9953042268753052
0.9355537295341492
0.9786985516548157
0.9082325100898743
0.43647730350494385
0.9887057542800903
0.9358251094818115
0.970923900604248
0.9933843612670898
0.9782562255859375
0.9285513162612915
0.9688747525215149
0.45659080147743225
0.9700124859809875
0.9481537938117981
0.749593198299408
0.9780303239822388
0.9504212141036987
0.9957727789878845
0.848708987236023
0.5205763578414917
0.9646874666213989
0.996865451335907
0.9368399381637573
0.8274117112159729
0.8706559538841248
0.9835703372955322
0.7014992237091064
0.9922112822532654
0.9958241581916809
0.9679858088493347
0.9626106023788452
0.793256938457489
0.9933368563652039
0.9001680612564087
0.9889355897903442
0.9469980001449585
0.8012034893035889
0.8424413204193115
0.9926700592041016
0.8756556510925293
0.47560733556747437
0.9895638227462769
0.6554334163665771
0.7036943435668945
0.34450259804725647
0.9234601259231567
0.8983662724494934
0.9338800311088562
0.4244011640548706
0.9667986035346985
0.352562814950943
0.9224523901939392
0.985134482383728
0.36969664692878723
0.535028874874115
0.6646648645401001
0.2648984491825104
0.9703747630119324
0.9399405121803284
0.9803131222724915
0.9787993431091309
0.969078779220581
0.9350900053977966
0.9617746472358704
0.9762231707572937
0.9893414378166199
0.9930071830749512
0.9902504682540894
0.9680745601654053
0.9040862321853638
0.9958770871162415
0.9952231645584106
0.6034029126167297
0.9803633093833923
0.48207518458366394
0.9984681606292725
0.984112560749054
0.985771119594574
0.8532489538192749
0.7588191628456116
0.9907662272453308
0.5578526854515076
0.9259418845176697
0.8640136122703552
0.8507024645805359
0.9689962267875671
0.9952353239059448
0.9471187591552734
0.9538673758506775
0.5773858428001404
0.3185974955558777
0.779776930809021
0.9792348146438599
0.9971577525138855
0.7875115275382996
0.995816171169281
0.8365365266799927
0.9872041344642639
0.9797435402870178
0.5830451846122742
0.9988151788711548
0.9333730340003967
0.9984931945800781
0.8385767340660095
0.6443305611610413
0.8753525018692017
0.5129114389419556
0.9868482947349548
0.984056293964386
0.897433340549469
0.9553841948509216
0.9933136105537415
0.9689596891403198
0.856221079826355
0.9678654074668884
0.6618202924728394
0.723090648651123
0.6697931885719299
0.9869498610496521
0.8942897319793701
0.9894305467605591
0.8565301895141602
0.5058664679527283
0.9628281593322754
0.9976952075958252
0.6285614967346191
0.8473674654960632
0.9452036619186401
0.9926082491874695
0.9917436242103577
0.941136360168457
0.9913697242736816
0.9761050939559937
0.8730244636535645
0.9771894812583923
0.8580483794212341
0.9064068794250488
0.9915215969085693
0.9736674427986145
0.6928806304931641
0.4293787479400635
0.8381761312484741
0.9095540642738342
0.9957391619682312
0.7270632982254028
0.9489470720291138
0.4203849732875824
0.6557708978652954
0.8832705020904541
0.9463930726051331
0.9934156537055969
0.27223193645477295
0.9368765354156494
0.6706100702285767
0.8375895023345947
0.9954856038093567
0.9638816118240356
0.697249174118042
0.9948329329490662
0.9850631952285767
0.988015353679657
0.8705009818077087
0.9882704019546509
0.983562171459198
0.9867683053016663
0.9968158602714539
0.8396865725517273
0.9975736141204834
0.9401251673698425
0.72283935546875
0.6477431058883667
0.6400483846664429
0.5908467173576355
0.9671810865402222
0.7317168116569519
0.9949851036071777
0.9295663237571716
0.5840598344802856
0.24556878209114075
0.9937171936035156
0.6265404224395752
0.7058415412902832
0.15971414744853973
0.9508899450302124
0.9861828684806824
0.7901008725166321
0.24736511707305908
0.7263228893280029
0.9862367510795593
0.8211097717285156
0.9356743097305298
0.5881435871124268
0.9841424822807312
0.9875566363334656
0.9351694583892822
0.9347832202911377
0.9818655848503113
0.7969194054603577
0.9793426394462585
0.8326466083526611
0.8952980041503906
0.9957184791564941
0.992215633392334
0.7389444708824158
0.8896368145942688
0.9717026352882385
0.9976029396057129
0.8825390338897705
0.9052501320838928
0.7090707421302795
0.684736430644989
0.9944360852241516
0.993187427520752
0.9430657625198364
0.9874545931816101
0.9854525923728943
0.9221092462539673
0.8645720481872559
0.9464477896690369
0.9639391303062439
0.8208844065666199
0.9828169941902161
0.9567804336547852
0.9970411658287048
0.9183388352394104
0.6863391995429993
0.972627580165863
0.9889776706695557
0.4476936161518097
0.6460247039794922
0.9549538493156433
0.903490424156189
0.9863625764846802
0.8671901226043701
0.8224435448646545
0.480401873588562
0.7271682620048523
0.9614948630332947
0.7475823760032654
0.525227427482605
0.8606279492378235
0.9933432936668396
0.9032025933265686
0.9946480989456177
0.994545042514801
0.9970089197158813
0.7819663286209106
0.9497537016868591
0.476079523563385
0.9942666292190552
0.5260035991668701
0.9874855875968933
0.9731149673461914
0.9923896789550781
0.8676432371139526
0.992929995059967
0.3794170916080475
0.7342875599861145
0.9847971796989441
0.9033181667327881
0.9203779101371765
0.3974877595901489
0.9398177862167358
0.9973544478416443
0.949641227722168
0.8526840209960938
0.9310176372528076
0.8092702031135559
0.9855004549026489
0.9231979250907898
0.9845770001411438
0.8197504878044128
0.7201050519943237
0.9893302321434021
0.5628530979156494
0.9164688587188721
0.8996303081512451
0.9140008091926575
0.46198874711990356
0.6507848501205444
0.9646496176719666
0.9843644499778748
0.9163079261779785
0.9883956909179688
0.9968124032020569
0.9823736548423767
0.9925305843353271
0.902703046798706
0.1492205709218979
0.8911688327789307
0.4488803446292877
0.9888901710510254
0.9149433374404907
0.7451992630958557
0.9963405728340149
0.933661699295044
0.447510689496994
0.22322216629981995
0.8905618190765381
0.8708484172821045
0.9463059902191162
0.6864789724349976
0.9742088317871094
0.3120080232620239
0.6547551155090332
0.9830997586250305
0.9770357012748718
0.6833158135414124
0.6645238995552063
0.9150863885879517
0.4779324531555176
0.8800073862075806
0.5605049729347229
0.9909811019897461
0.4473230242729187
0.9333789348602295
0.9569292068481445
0.9584481120109558
0.9989602565765381
0.14032015204429626
0.726714015007019
0.18082372844219208
0.8852856755256653
0.891578733921051
0.8079071640968323
0.9268382787704468
0.6127946376800537
0.9926444888114929
0.7297634482383728
0.9201880097389221
0.9880646467208862
0.9333420991897583
0.9138948917388916
0.41582804918289185
0.3598295748233795
0.26915210485458374
0.8880365490913391
0.317860871553421
0.9219359755516052
0.2507336139678955
0.8140491247177124
0.6614735126495361
0.8542291522026062
0.4465060234069824
0.9944465756416321
0.954024612903595
0.48079293966293335
0.7395570278167725
0.7397891879081726
0.7998071908950806
0.7473137378692627
0.8429556488990784
0.906930685043335
0.763777494430542
0.36027443408966064
0.668677806854248
0.9623399376869202
0.9921619892120361
0.8962202072143555
0.921109139919281
0.6471006870269775
0.994059145450592
0.6663441061973572
0.6937181949615479
0.7004426717758179
0.9251760244369507
0.3417118191719055
0.6186459064483643
0.908649206161499
0.37241172790527344
0.9857401847839355
0.9041755199432373
0.7999893426895142
0.7036110758781433
0.9918753504753113
0.95169997215271
0.8629986047744751
0.8358349204063416
0.8954142332077026
0.95853191614151
0.956333339214325
0.9919140934944153
0.9848017692565918
0.7755697965621948
0.9861660003662109
0.8736627101898193
0.930263876914978
0.8591405153274536
0.9875710010528564
0.9914042949676514
0.9610651135444641
0.838647723197937
0.9894558191299438
0.9230114817619324
0.9408185482025146
0.47129297256469727
0.9920377731323242
0.9889661073684692
0.9833669662475586
0.9986424446105957
0.9981456398963928
0.6580002903938293
0.881176769733429
0.8941167593002319
0.9205231070518494
0.9808683395385742
0.14880666136741638
0.9226518273353577
0.5559167861938477
0.9726758599281311
0.9528931975364685
0.7831457257270813
0.9831874966621399
0.9874547123908997
0.32676491141319275
0.905405580997467
0.973421037197113
0.9276983737945557
0.7270607948303223
0.8698462843894958
0.7317802309989929
0.9047753214836121
0.9743431806564331
0.968268871307373
0.940685510635376
0.9739688038825989
0.2035098373889923
0.9445343613624573
0.5758614540100098
0.6824535727500916
0.9577140212059021
0.9950929880142212
0.9850693941116333
0.3576660752296448
0.9821246266365051
0.9919334650039673
0.9805810451507568
0.9958739280700684
0.3184264600276947
0.6599651575088501
0.9841418266296387
0.620441734790802
0.8231392502784729
0.9181486964225769
0.5797691941261292
0.8958039283752441
0.4263225793838501
0.9767255187034607
0.5986771583557129
0.9554914832115173
0.9620600938796997
0.9920921325683594
0.9946092963218689
0.7925431728363037
0.6829810738563538
0.9790090918540955
0.8572609424591064
0.9948963522911072
0.13815565407276154
0.6092625856399536
0.9954858422279358
0.9396035075187683
0.8986132740974426
0.6047777533531189
0.31342753767967224
0.9486179351806641
0.987006664276123
0.8117945194244385
0.9931197762489319
0.9198216199874878
0.7248960137367249
0.32251250743865967
0.619875967502594
0.9812938570976257
0.9935017228126526
0.6214742660522461
0.9881118535995483
0.9920090436935425
0.9946807026863098
0.34148064255714417
0.9629075527191162
0.9556705355644226
0.9831537008285522
0.7354406118392944
0.9621279835700989
0.3768759071826935
0.9295586347579956
0.6931605935096741
0.8972460031509399
0.4142346978187561
0.6323659420013428
0.9428439140319824
0.9154805541038513
0.17193245887756348
0.9102071523666382
0.7947067022323608
0.9393223524093628
0.8946560025215149
0.775755763053894
0.9156264066696167
0.7750152349472046
0.9770406484603882
0.5908454060554504
0.9376279711723328
0.4714410901069641
0.8936808705329895
0.9935297966003418
0.24217234551906586
0.6873561143875122
0.9842917323112488
0.5814501643180847
0.7754573822021484
0.2742539346218109
0.8939113020896912
0.9492928385734558
0.9411650896072388
0.9952102303504944
0.8880382776260376
0.8903529047966003
0.9653470516204834
0.994287371635437
0.9844863414764404
0.6256864666938782
0.9936186671257019
0.8057842254638672
0.9910455346107483
0.7612758278846741
0.9905365705490112
0.9750084280967712
0.9867603182792664
0.9502683281898499
0.9885259866714478
0.8916130065917969
0.9294750690460205
0.6362826824188232
0.7686541080474854
0.9711921215057373
0.7615460157394409
0.5674660801887512
0.7162309885025024
0.9647789597511292
0.5024914741516113
0.9900099635124207
0.958278477191925
0.9943284392356873
0.9981655478477478
0.9836971759796143
0.3667856752872467
0.9626907110214233
0.9318550825119019
0.7753245234489441
0.9526826739311218
0.9866085648536682
0.784269392490387
0.9422863721847534
0.9620422124862671
0.4456934928894043
0.9250368475914001
0.9884827733039856
0.9775141477584839
0.9934909343719482
0.9432879090309143
0.826829731464386
0.8052470088005066
0.9938720464706421
0.9294086694717407
0.9983566403388977
0.7015492916107178
0.9725198149681091
0.9438436627388
0.7483860850334167
0.7117345929145813
0.8525583744049072
0.835181474685669
0.9588992595672607
0.9514739513397217
0.7286424040794373
0.7858055830001831
0.9864729046821594
0.7999211549758911
0.8989721536636353
0.9905313849449158
0.9429875612258911
0.9471648931503296
0.8927167654037476
0.9411155581474304
0.16303148865699768
0.9910331964492798
0.9173279404640198
0.9725013971328735
0.9704411625862122
0.7274083495140076
0.9865098595619202
0.9641979932785034
0.9904677867889404
0.9909243583679199
0.8989074230194092
0.9628159999847412
0.39050528407096863
0.7542634606361389
0.8029518127441406
0.9326615333557129
0.9837663769721985
0.7163088321685791
0.9928199648857117
0.7281692028045654
0.6914202570915222
0.9858264923095703
0.9664194583892822
0.9886566996574402
0.9888433814048767
0.9675757884979248
0.08265069127082825
0.8933855891227722
0.914149820804596
0.9758020639419556
0.9982964396476746
0.9601038098335266
0.9774245619773865
0.9884358048439026
0.9862971901893616
0.7927632331848145
0.8967927098274231
0.9375596046447754
0.9617867469787598
0.9905683994293213
0.9329410791397095
0.968778133392334
0.9819331765174866
0.9774708151817322
0.06250143051147461
0.8524684309959412
0.12351982295513153
0.8558862209320068
0.9644040465354919
0.4857494533061981
0.2349241077899933
0.5877907276153564
0.7900107502937317
0.9871004223823547
0.9265795946121216
0.873451292514801
0.9259359240531921
0.9326178431510925
0.9819835424423218
0.995232880115509
0.9940246343612671
0.9779485464096069
0.9509732723236084
0.9842163920402527
0.987746000289917
0.30219295620918274
0.9951633214950562
0.5009695887565613
0.4553661346435547
0.3575713038444519
0.7066795825958252
0.9580806493759155
0.9243403673171997
0.8222448825836182
0.4365622103214264
0.9727721810340881
0.9925199747085571
0.8135616779327393
0.9117690920829773
0.25153037905693054
0.8955063223838806
0.8475360870361328
0.08761798590421677
0.22075773775577545
0.041057512164115906
0.3807870149612427
0.04212652146816254
0.9775571227073669
0.7760915160179138
0.8066378235816956
0.3178170919418335
0.793026328086853
0.9798732995986938
0.8680895566940308
0.9879230260848999
0.9215975999832153
0.9744462966918945
0.9352250695228577
0.3376348912715912
0.980379581451416
0.9024106860160828
0.9789316654205322
0.1904824674129486
0.9732418060302734
0.9319685101509094
0.9538853764533997
0.9627621173858643
0.9536393284797668
0.4035034775733948
0.17743787169456482
0.664007306098938
0.9944028854370117
0.5213271975517273
0.8822675347328186
0.5076507925987244
0.2963302433490753
0.9541183114051819
0.9942911863327026
0.9688345193862915
0.9954568147659302
0.9229435324668884
0.5828722715377808
0.502407968044281
0.5974785089492798
0.880886971950531
0.1253761649131775
0.5209898948669434
0.8975542187690735
0.7152219414710999
0.44052255153656006
0.8252532482147217
0.6335180997848511
0.7585709095001221
0.9549355506896973
0.9710970520973206
0.973375141620636
0.9962851405143738
0.6268596053123474
0.4771665036678314
0.885546863079071
0.9709414839744568
0.9770264029502869
0.9985408782958984
0.9928291440010071
0.963664174079895
0.6698946952819824
0.5672484636306763
0.9695802927017212
0.946552574634552
0.7935032248497009
0.8962599039077759
0.9948738217353821
0.9981734156608582
0.9428806900978088
0.3281285762786865
0.7287521958351135
0.8223528861999512
0.23819750547409058
0.9807679057121277
0.9707047343254089
0.6209906339645386
0.9534593224525452
0.9420605897903442
0.8808996677398682
0.8302612900733948
0.46068674325942993
0.5787444114685059
0.9472435116767883
0.9949689507484436
0.4172253906726837
0.9968571066856384
0.5209569931030273
0.993716299533844
0.9521792531013489
0.9126541614532471
0.9541440010070801
0.856233537197113
0.9920670390129089
0.7744927406311035
0.7272539138793945
0.8016718626022339
0.8789681792259216
0.993708074092865
0.6289901733398438
0.9665507078170776
0.8092130422592163
0.9326076507568359
0.9591637849807739
0.9476075172424316
0.902919352054596
0.5163851380348206
0.9983745217323303
0.7040915489196777
0.9874603748321533
0.9340686798095703
0.713077187538147
0.9934092164039612
0.3686840534210205
0.9679509401321411
0.9903998970985413
0.9968022704124451
0.529403567314148
0.9483637809753418
0.5146437287330627
0.9641738533973694
0.9755325317382812
0.9694151878356934
0.6164794564247131
0.9724136590957642
0.5539347529411316
0.9074450135231018
0.45705777406692505
0.988104522228241
0.7401497960090637
0.6465334296226501
0.97002112865448
0.9806400537490845
0.973845899105072
0.9812567234039307
0.9930902123451233
0.922078549861908
0.9512194395065308
0.99944007396698
0.5812476873397827
0.9768177270889282
0.977557897567749
0.7828259468078613
0.9869411587715149
0.9636454582214355
0.9713025689125061
0.8921498656272888
0.9757871627807617
0.39180657267570496
0.7661249041557312
0.9810616970062256
0.9891161322593689
0.499327689409256
0.8663671612739563
0.9552207589149475
0.35396620631217957
0.9622908234596252
0.9658535718917847
0.8698126077651978
0.5998798608779907
0.7763223052024841
0.3104075789451599
0.598293662071228
0.9760766625404358
0.9423074722290039
0.6941280364990234
0.9888269305229187
0.8809343576431274
0.9803569912910461
0.9897781610488892
0.9643988013267517
0.7804651856422424
0.8103510141372681
0.803788423538208
0.5952262878417969
0.803160548210144
0.9448326230049133
0.9609151482582092
0.963141679763794
0.7515233159065247
0.9781633615493774
0.4409482479095459
0.991466760635376
0.43157026171684265
0.9761112332344055
0.9278988242149353
0.6837432384490967
0.9701771140098572
0.9701789617538452
0.8869385719299316
0.9890613555908203
0.9274305105209351
0.9859841465950012
0.9079552292823792
0.9498262405395508
0.9782163500785828
0.9970218539237976
0.9925475716590881
0.9848076701164246
0.997249960899353
0.6410285830497742
0.9912923574447632
0.9957886934280396
0.8880306482315063
0.9785056114196777
0.6068446040153503
0.9381593465805054
0.9536410570144653
0.9270159602165222
0.6300732493400574
0.8999928832054138
0.964385986328125
0.7805963158607483
0.8034380674362183
0.897942304611206
0.9525969624519348
0.3259592652320862
0.6498826742172241
0.9196981191635132
0.9879685640335083
0.7896443605422974
0.6813242435455322
0.9197484850883484
0.4458921551704407
0.9683663249015808
0.9901875257492065
0.292349636554718
0.05849388241767883
0.8568958044052124
0.8590484857559204
0.9737474918365479
0.9822043776512146
0.5042722225189209
0.8118462562561035
0.9860590100288391
0.7175422310829163
0.564518928527832
0.8882425427436829
0.9062268733978271
0.9387418627738953
0.48511260747909546
0.6709147691726685
0.9920045137405396
0.9912827014923096
0.991783618927002
0.9735155701637268
0.9954664707183838
0.58402019739151
0.8356289863586426
0.9886890053749084
0.8523529171943665
0.9942732453346252
0.8823070526123047
0.7746307849884033
0.992012083530426
0.9966351389884949
0.9751837253570557
0.9588338732719421
0.7519122362136841
0.9560761451721191
0.8985337615013123
0.6511703729629517
0.7616763114929199
0.9677394032478333
0.8125845789909363
0.9842099547386169
0.9844100475311279
0.36014723777770996
0.34982427954673767
0.5680859684944153
0.8318079113960266
0.9934285283088684
0.9936099648475647
0.8989130258560181
0.8439380526542664
0.6127834916114807
0.9857971668243408
0.9886167049407959
0.6769006848335266
0.9241964817047119
0.7127338647842407
0.9869769811630249
0.9889768958091736
0.9797419905662537
0.9910529851913452
0.8672686219215393
0.9061840176582336
0.8018194437026978
0.99899822473526
0.9962945580482483
0.8675565719604492
0.7128837704658508
0.978046715259552
0.8763459920883179
0.7558227777481079
0.4365864396095276
0.9772042632102966
0.9828076958656311
0.9905760288238525
0.89305579662323
0.9973997473716736
0.9399173259735107
0.9534132480621338
0.3808147609233856
0.9643323421478271
0.9574188590049744
0.9970205426216125
0.6295397281646729
0.9948436617851257
0.9892258048057556
0.7674599885940552
0.7544112205505371
0.9878010153770447
0.9737654328346252
0.9294176697731018
0.9983394145965576
0.9933950901031494
0.9754695296287537
0.9186081290245056
0.9885244965553284
0.9927149415016174
0.9840384125709534
0.7844330072402954
0.9087012410163879
0.9959657192230225
0.41749200224876404
0.9837231040000916
0.9161292314529419
0.9022654891014099
0.7473905086517334
0.8291261196136475
0.9311338067054749
0.9866688251495361
0.8795897960662842
0.9077498912811279
0.8886263370513916
0.9847456216812134
0.5385616421699524
0.9938981533050537
0.9198945164680481
0.9578834772109985
0.5489190816879272
0.990693986415863
0.9235707521438599
0.9801772236824036
0.73850417137146
0.8650938272476196
0.7872329354286194
0.9035235047340393
0.9348607063293457
0.9905482530593872
0.9354123473167419
0.8790192604064941
0.7994670271873474
0.7001644372940063
0.5098125338554382
0.27519333362579346
0.8581930994987488
0.9447424411773682
0.8163917064666748
0.0942978486418724
0.6403948664665222
0.8967878818511963
0.14166469871997833
0.35190826654434204
0.9682360291481018
0.9833261966705322
0.7032193541526794
0.971422016620636
0.9490641951560974
0.9269697666168213
0.7263416647911072
0.8838794231414795
0.920280396938324
0.9547920227050781
0.7594732642173767
0.8582349419593811
0.9749014377593994
0.2890883684158325
0.6100054383277893
0.9181675910949707
0.17461131513118744
0.05008669197559357
0.7584283351898193
0.9172728061676025
0.4863050580024719
0.41604161262512207
0.8709341883659363
0.9912205338478088
0.8296402096748352
0.935332179069519
0.9905782341957092
0.9822935461997986
0.9703446626663208
0.7767787575721741
0.9466937780380249
0.5411646366119385
0.9643157124519348
0.9300018548965454
0.7378304600715637
0.9554609060287476
0.7388393878936768
0.9952703714370728
0.4025793969631195
0.8380610346794128
0.8175068497657776
0.940837562084198
0.9106132984161377
0.3907040059566498
0.9108322858810425
0.9273150563240051
0.9607273936271667
0.9889433979988098
0.9987868070602417
0.9926421046257019
0.9673510193824768
0.9889771938323975
0.9112485647201538
0.841118574142456
0.9628804922103882
0.9975255131721497
0.9885002374649048
0.5205164551734924
0.8522703647613525
0.9639987945556641
0.8794199824333191
0.4578346312046051
0.25206056237220764
0.40727904438972473
0.9078958630561829
0.4810393452644348
0.8366263508796692
0.20238150656223297
0.3400951325893402
0.7582733631134033
0.9333714842796326
0.9947372674942017
0.14738298952579498
0.9914552569389343
0.48565834760665894
0.9685107469558716
0.6981533765792847
0.9872233867645264
0.9847715497016907
0.7709921002388
0.9804470539093018
0.9919321537017822
0.9934041500091553
0.954709529876709
0.48883500695228577
0.4475924074649811
0.6502864956855774
0.4475924074649811
0.9653642177581787
0.4475924074649811
0.7400793433189392
0.9528639912605286
0.959041178226471
0.5369438529014587
0.9947852492332458
0.6364356875419617
0.9658470749855042
0.9950940012931824
0.966788649559021
0.8983429670333862
0.44291484355926514
0.6614664793014526
0.9781352877616882
0.223269984126091
0.687782347202301
0.7584371566772461
0.9983428716659546
0.9730615615844727
0.9571573138237
0.952634334564209
0.4875754415988922
0.5199750065803528
0.9980584979057312
0.597052812576294
0.9716448783874512
0.6333315968513489
0.9147642254829407
0.8001646995544434
0.8031252026557922
0.23816008865833282
0.9787083268165588
0.9788535237312317
0.9898098111152649
0.6784400343894958
0.6008613705635071
0.9785305857658386
0.9905503392219543
0.9832971096038818
0.9927456974983215
0.941121518611908
0.7134124636650085
0.9914742112159729
0.24479973316192627
0.8937206268310547
0.9612565636634827
0.8054330945014954
0.706537663936615
0.8880807757377625
0.9367259740829468
0.8471121191978455
0.9814570546150208
0.4172791838645935
0.8462646007537842
0.9361170530319214
0.8122880458831787
0.9235590696334839
0.7888826727867126
0.9293806552886963
0.9675118327140808
0.9441196322441101
0.3901771605014801
0.7037255764007568
0.45455384254455566
0.5899021625518799
0.8788074851036072
0.72986900806427
0.9610220193862915
0.15323537588119507
0.9927986860275269
0.7196405529975891
0.17452958226203918
0.9890332818031311
0.9574494957923889
0.4256356656551361
0.7226722240447998
0.6124110817909241
0.3244886100292206
0.9919167160987854
0.9641637206077576
0.8936165571212769
0.8812205195426941
0.21611277759075165
0.9574536085128784
0.9675869941711426
0.2388916164636612
0.27113276720046997
0.6315921545028687
0.9934594035148621
0.8074618577957153
0.9821016192436218
0.9081573486328125
0.39252033829689026
0.9944048523902893
0.7585914134979248
0.9517255425453186
0.7848129868507385
0.9764503240585327
0.23161780834197998
0.47570979595184326
0.7446447014808655
0.049954064190387726
0.26982566714286804
0.9965801239013672
0.813707172870636
0.2827651798725128
0.9331272840499878
0.7559934258460999
0.915648877620697
0.14727286994457245
0.4947127401828766
0.9866620302200317
0.8623208403587341
0.7126041650772095
0.8803825974464417
0.45208650827407837
0.9952797293663025
0.9394423365592957
0.9754409790039062
0.9603089690208435
0.99123215675354
0.943619430065155
0.9903966188430786
0.6608185172080994
0.01997033879160881
0.7346433401107788
0.31370559334754944
0.9686819911003113
0.8574269413948059
0.9639427065849304
0.9831704497337341
0.9602246880531311
0.8874937295913696
0.41004523634910583
0.9331810474395752
0.8850205540657043
0.9878242015838623
0.9499047994613647
0.9718848466873169
0.6303533911705017
0.9919484257698059
0.8350101709365845
0.9891922473907471
0.8584163188934326
0.7521263360977173
0.8600471019744873
0.9102246165275574
0.9426918029785156
0.8047270178794861
0.9660037755966187
0.9982696771621704
0.9073227643966675
0.969524085521698
0.8603551983833313
0.7781236171722412
0.6749598383903503
0.9860014915466309
0.9822275042533875
0.9813530445098877
0.9976941347122192
0.9957575798034668
0.9346365928649902
0.8159955739974976
0.8703264594078064
0.522946834564209
0.8200907111167908
0.825982928276062
0.6667616963386536
0.4997008144855499
0.07158643752336502
0.8975589871406555
0.5330754518508911
0.9772936701774597
0.9724279642105103
0.9441447854042053
0.999089777469635
0.8806012272834778
0.8596104383468628
0.9735890030860901
0.8524371385574341
0.9396823644638062
0.9697396159172058
0.9766964316368103
0.993562638759613
0.991491436958313
0.8387189507484436
0.31832677125930786
0.997321605682373
0.989956796169281
0.9818546772003174
0.6651948094367981
0.9642623662948608
0.9974615573883057
0.6890920996665955
0.4072994589805603
0.9614633321762085
0.9855313301086426
0.6130943894386292
0.7961973547935486
0.9849358201026917
0.8146312832832336
0.9907225966453552
0.7371148467063904
0.6659969687461853
0.7832626700401306
0.9788304567337036
0.9631974697113037
0.9863017797470093
0.9094027280807495
0.8719162940979004
0.996405839920044
0.4414619505405426
0.22771745920181274
0.984341025352478
0.6972682476043701
0.9386847019195557
0.41582736372947693
0.8399713635444641
0.95206618309021
0.955423891544342
0.8145955204963684
0.9952543377876282
0.6706562042236328
0.6628875732421875
0.9747821092605591
0.6834196448326111
0.9409512877464294
0.8345751166343689
0.8507426381111145
0.9659520387649536
0.9818938970565796
0.9064175486564636
0.35916686058044434
0.601124107837677
0.9744497537612915
0.9727005362510681
0.909694254398346
0.8543168902397156
0.9114847183227539
0.6182592511177063
0.9929925799369812
0.9807119369506836
0.0181529950350523
0.9552831649780273
0.382712721824646
0.3515307903289795
0.8938906192779541
0.9734206199645996
0.6903887391090393
0.6680781245231628
0.49090585112571716
0.9697675108909607
0.6679103374481201
0.7974144220352173
0.9844046235084534
0.9638650417327881
0.9513493180274963
0.8141006231307983
0.7082549929618835
0.9555873274803162
0.9738324880599976
0.9913168549537659
0.7542228698730469
0.4566676914691925
0.9975051879882812
0.7881306409835815
0.9636982083320618
0.9735979437828064
0.9599140286445618
0.9981400966644287
0.7552443146705627
0.4686826765537262
0.6203473210334778
0.9970298409461975
0.4324527084827423
0.90975022315979
0.8805580735206604
0.9986034035682678
0.9960014820098877
0.713426411151886
0.8070379495620728
0.6104342341423035
0.8545593023300171
0.9958129525184631
0.8079111576080322
0.962854266166687
0.9922544956207275
0.9982653856277466
0.9951964616775513
0.10109125822782516
0.8371702432632446
0.9915562272071838
0.9948074817657471
0.6894659399986267
0.9337954521179199
0.7145193815231323
0.9573116898536682
0.984039306640625
0.769256591796875
0.9911804795265198
0.7052810192108154
0.9912496209144592
0.9733434319496155
0.3890366852283478
0.31130874156951904
0.604238748550415
0.9678676128387451
0.9361914992332458
0.9822077751159668
0.8168284893035889
0.9627426862716675
0.9819774627685547
0.9919013977050781
0.96907639503479
0.9512744545936584
0.9710853099822998
0.9084526896476746
0.983356773853302
0.8870145678520203
0.5748273134231567
0.1878068447113037
0.14229366183280945
0.9749636054039001
0.8390956521034241
0.9605523943901062
0.7978083491325378
0.9294189810752869
0.7372010946273804
0.7851184606552124
0.9145565629005432
0.9813453555107117
0.323270320892334
0.6636123061180115
0.9189420938491821
0.9177150726318359
0.6702064871788025
0.9895040392875671
0.9070301651954651
0.5124791264533997
0.9756743311882019
0.989228367805481
0.9140772819519043
0.8115348219871521
0.5962689518928528
0.4951450824737549
0.9973176717758179
0.994451105594635
0.5425359010696411
0.4962629973888397
0.2684136629104614
0.9801750183105469
0.9904919862747192
0.5333852767944336
0.2649177014827728
0.845087468624115
0.9909539818763733
0.9885138273239136
0.9354371428489685
0.9884380102157593
0.9745832681655884
0.9895825386047363
0.8819553852081299
0.6623764038085938
0.976872980594635
0.8318629860877991
0.9777447581291199
0.9772049188613892
0.9141684770584106
0.949122428894043
0.9965264797210693
0.9194879531860352
0.9183455109596252
0.8445972204208374
0.9894919395446777
0.6026583313941956
0.9784809350967407
0.8299506306648254
0.8963257074356079
0.8604495525360107
0.7968107461929321
0.9789011478424072
0.9447476863861084
0.9301067590713501
0.9799461960792542
0.9909482598304749
0.8827942609786987
0.8897444605827332
0.9941233992576599
0.891141951084137
0.7558083534240723
0.9401499032974243
0.9967443346977234
0.9674511551856995
0.98792564868927
0.9915727972984314
0.997859001159668
0.47597363591194153
0.8755968809127808
0.5163527727127075
0.9780067205429077
0.9923665523529053
0.8828188180923462
0.8516334295272827
0.993728756904602
0.906903862953186
0.950630784034729
0.9332239627838135
0.8552274107933044
0.8457794189453125
0.9867526292800903
0.9658213257789612
0.8488593697547913
0.9338642358779907
0.983864426612854
0.5301948189735413
0.9908663034439087
0.5400499701499939
0.988049328327179
0.4037080705165863
0.9744696021080017
0.9963326454162598
0.8033849596977234
0.9947019219398499
0.996463418006897
0.8136829733848572
0.9980016350746155
0.9710456728935242
0.9841322302818298
0.8544866442680359
0.9905567169189453
0.5587935447692871
0.6811187863349915
0.9561725854873657
0.9728733897209167
0.5283747315406799
0.8101284503936768
0.9626795649528503
0.9985717535018921
0.9839099049568176
0.9930413961410522
0.9091765880584717
0.9248530268669128
0.9895700812339783
0.970954954624176
0.905967652797699
0.8753032684326172
0.21465787291526794
0.9602965116500854
0.9368956685066223
0.843595027923584
0.8945778012275696
0.850201427936554
0.9916163086891174
0.9844709634780884
0.9942522644996643
0.9829878211021423
0.5207467079162598
0.5002527832984924
0.9968205690383911
0.9930304884910583
0.9859139919281006
0.9109933972358704
0.7829205393791199
0.9824396371841431
0.884178102016449
0.5742889642715454
0.6498544812202454
0.9819846749305725
0.9784221053123474
0.9276097416877747
0.8499681353569031
0.5248193144798279
0.9848986268043518
0.9848560094833374
0.8350968360900879
0.9734127521514893
0.9879504442214966
0.9922088980674744
0.27415743470191956
0.9313387274742126
0.5103622674942017
0.8720525503158569
0.9666630029678345
0.9844892621040344
0.9532877206802368
0.9186900854110718
0.845916211605072
0.9774735569953918
0.9969519376754761
0.9923207759857178
0.606403112411499
0.9964529275894165
0.9767675995826721
0.9889143705368042
0.9773790836334229
0.9759758114814758
0.9711341261863708
0.7930099964141846
0.892951250076294
0.9715336561203003
0.979672372341156
0.9855256080627441
0.9794076085090637
0.9882428050041199
0.9920117259025574
0.4614749550819397
0.9618968963623047
0.949906051158905
0.7387989163398743
0.9822957515716553
0.971214771270752
0.6076816916465759
0.9410505890846252
0.9764887094497681
0.9954451322555542
0.9943804144859314
0.9849647879600525
0.9865750670433044
0.9908872842788696
0.7100179195404053
0.9771549701690674
0.9741575121879578
0.9866488575935364
0.960364580154419
0.9743838310241699
0.9286781549453735
0.9869675040245056
0.9820135831832886
0.9969390630722046
0.8650748133659363
0.9585070610046387
0.9704040884971619
0.8305990695953369
0.9837128520011902
0.5770138502120972
0.9320024847984314
0.930175244808197
0.8383872509002686
0.815641462802887
0.6700196862220764
0.3457818329334259
0.9595078229904175
0.9075183272361755
0.30647507309913635
0.9460948705673218
0.8687911629676819
0.9869697690010071
0.9752742052078247
0.6610366702079773
0.871097207069397
0.838906466960907
0.9647728204727173
0.9894701242446899
0.9905863404273987
0.975031852722168
0.959985613822937
0.9537335634231567
0.5722838044166565
0.5163464546203613
0.6265968680381775
0.668271005153656
0.3045133650302887
0.9127714037895203
0.6127296090126038
0.9949870109558105
0.9858117699623108
0.8349270224571228
0.8527019023895264
0.9383925795555115
0.5482327938079834
0.9796176552772522
0.9921375513076782
0.9883221983909607
0.826795220375061
0.9607822299003601
0.89345383644104
0.46365246176719666
0.9899327158927917
0.48173898458480835
0.9113249778747559
0.4876658022403717
0.9905648827552795
0.9904929995536804
0.9966918230056763
0.8283538818359375
0.9936295747756958
0.991921067237854
0.7207440137863159
0.963220477104187
0.9679244756698608
0.8120021224021912
0.8119418621063232
0.7763039469718933
0.7806782126426697
0.9589211940765381
0.9940992593765259
0.9931347966194153
0.9951637387275696
0.34127479791641235
0.7374950647354126
0.5599338412284851
0.9658983945846558
0.9769633412361145
0.5656351447105408
0.9106415510177612
0.8284898996353149
0.9281367063522339
0.854236364364624
0.9398048520088196
0.2502497434616089
0.9751756191253662
0.9945945143699646
0.9348345994949341
0.9598037600517273
0.9742396473884583
0.9218421578407288
0.7652428150177002
0.8634675145149231
0.9295686483383179
0.8327208161354065
0.8428245782852173
0.9775623679161072
0.8717091679573059
0.707873523235321
0.3993484377861023
0.889682412147522
0.14572229981422424
0.7731545567512512
0.9589312672615051
0.9874732494354248
0.9534884691238403
0.45083361864089966
0.7635241150856018
0.9890974760055542
0.675025999546051
0.9317512512207031
0.9942858815193176
0.9976249933242798
0.9833861589431763
0.5438141822814941
0.8635809421539307
0.9981006383895874
0.9420278072357178
0.9923588633537292
0.8815118074417114
0.7461290955543518
0.8169811964035034
0.7237356901168823
0.9954947233200073
0.9934927225112915
0.9912561178207397
0.9808242321014404
0.9715206027030945
0.9519975185394287
0.9896184206008911
0.9458707571029663
0.9826143980026245
0.3913630545139313
0.670473039150238
0.9857075810432434
0.9759193062782288
0.8123634457588196
0.9371192455291748
0.9701658487319946
0.9680928587913513
0.97845858335495
0.9575982689857483
0.9892078638076782
0.935555100440979
0.938153862953186
0.7302209734916687
0.9618522524833679
0.9920896291732788
0.8143810629844666
0.9795567989349365
0.8335569500923157
0.5535898208618164
0.8795035481452942
0.8257560729980469
0.9777821898460388
0.9899548292160034
0.37147510051727295
0.7100111246109009
0.39862188696861267
0.9876003265380859
0.8691055774688721
0.838549792766571
0.9753237962722778
0.860575258731842
0.9267216920852661
0.6248054504394531
0.8288434147834778
0.9205382466316223
0.991870641708374
0.5987607836723328
0.9714230298995972
0.2514060437679291
0.17111331224441528
0.21039387583732605
0.32888397574424744
0.44491007924079895
0.42882007360458374
0.577719509601593
0.9091333746910095
0.9906907677650452
0.993982195854187
0.9782254695892334
0.9934653639793396
0.9638655781745911
0.9867951273918152
0.567772626876831
0.9133748412132263
0.2830623984336853
0.9776187539100647
0.968894362449646
0.8884661793708801
0.9981359839439392
0.6153267621994019
0.05446496978402138
0.9420207142829895
0.8210980892181396
0.37231770157814026
0.8670588135719299
0.9752154350280762
0.9820137023925781
0.403179794549942
0.8590478301048279
0.984143078327179
0.5755655765533447
0.8617543578147888
0.9402093887329102
0.3755868375301361
0.8498880863189697
0.9825008511543274
0.24468682706356049
0.9515208005905151
0.979600727558136
0.9517513513565063
0.8361157774925232
0.9905810356140137
0.8242732882499695
0.43040767312049866
0.8673024773597717
0.9091043472290039
0.3338377773761749
0.8917417526245117
0.9601153135299683
0.9659624099731445
0.8615102171897888
0.9858443140983582
0.9409599900245667
0.9104948043823242
0.9820564985275269
0.9765167832374573
0.9867760539054871
0.9634364247322083
0.9921839833259583
0.3522203266620636
0.9886927008628845
0.6995062828063965
0.7822747230529785
0.7611857056617737
0.9341717958450317
0.14031486213207245
0.1357087343931198
0.6213098168373108
0.9212551116943359
0.9306348562240601
0.5649029016494751
0.9132574200630188
0.41696473956108093
0.5611824989318848
0.9969290494918823
0.9712393283843994
0.9473758339881897
0.68412184715271
0.8855948448181152
0.9113553166389465
0.7310994267463684
0.624103307723999
0.40967682003974915
0.9307774901390076
0.9462612867355347
0.752082884311676
0.8244341611862183
0.9904983639717102
0.9470660090446472
0.9433131814002991
0.9947920441627502
0.8165751099586487
0.995993435382843
0.9038524627685547
0.8214516639709473
0.995582103729248
0.46794646978378296
0.9989720582962036
0.5208503007888794
0.9940019845962524
0.9767858386039734
0.9044963717460632
0.8221691250801086
0.5486229062080383
0.968465268611908
0.6688606142997742
0.8900483250617981
0.9430184364318848
0.9753423929214478
0.7896500825881958
0.914550244808197
0.5987807512283325
0.9805757999420166
0.864129364490509
0.21317440271377563
0.9047260284423828
0.39683571457862854
0.995335578918457
0.7581731081008911
0.44957736134529114
0.7945846915245056
0.8453049063682556
0.8025414347648621
0.8945026993751526
0.9580710530281067
0.994774341583252
0.9954503774642944
0.9919557571411133
0.9428058862686157
0.9568527936935425
0.9454254508018494
0.9123443365097046
0.668596625328064
0.5118729472160339
0.9256170988082886
0.9797201156616211
0.9630071520805359
0.7823821902275085
0.6127098202705383
0.707209587097168
0.9845626950263977
0.9266959428787231
0.35010457038879395
0.13954748213291168
0.5047097206115723
0.10743261873722076
0.6910700798034668
0.9734882116317749
0.7024027109146118
0.9180638194084167
0.9966403245925903
0.9951215386390686
0.9800991415977478
0.9908172488212585
0.9784154891967773
0.9527587294578552
0.5795533061027527
0.63536137342453
0.631521463394165
0.9941158294677734
0.7371719479560852
0.944665789604187
0.9558296203613281
0.6120381355285645
0.9774574041366577
0.9011003971099854
0.8230372071266174
0.9684076905250549
0.9380323886871338
0.9186602830886841
0.989810585975647
0.6830021739006042
0.9118148684501648
0.8932098746299744
0.9161948561668396
0.5573456883430481
0.9174454212188721
0.9747917056083679
0.7566395401954651
0.9752659201622009
0.9296801090240479
0.9722199440002441
0.9763804078102112
0.911903977394104
0.9494921565055847
0.962499737739563
0.993051290512085
0.9718118906021118
0.9912100434303284
0.9962196350097656
0.9295902848243713
0.9776870608329773
0.9977770447731018
0.9696514010429382
0.9969868063926697
0.9988304972648621
0.9939841628074646
0.9868539571762085
0.2786277234554291
0.9200555086135864
0.9922584891319275
0.8250194191932678
0.9854288101196289
0.7807040810585022
0.9919463396072388
0.9687515497207642
0.8182694911956787
0.9920511841773987
0.8921296000480652
0.5079694986343384
0.9658472537994385
0.992824375629425
0.9162970781326294
0.8420950770378113
0.6118053793907166
0.979087769985199
0.5733699202537537
0.8125285506248474
0.957158625125885
0.9900071620941162
0.96564781665802
0.8467777967453003
0.985179603099823
0.9918895959854126
0.7373735904693604
0.9294424653053284
0.9774380326271057
0.9253312349319458
0.9929352402687073
0.8256661891937256
0.31760334968566895
0.7156453728675842
0.424922913312912
0.7216519713401794
0.3822482228279114
0.8509251475334167
0.6716746687889099
0.6760186553001404
0.04618186131119728
0.9880656599998474
0.9836115837097168
0.974212646484375
0.9982154369354248
0.7839526534080505
0.4588013291358948
0.9809589982032776
0.6449368596076965
0.9925296902656555
0.9965757727622986
0.9957796335220337
0.40736737847328186
0.978743314743042
0.914557933807373
0.9732699394226074
0.9971774220466614
0.881015419960022
0.9885072112083435
0.9523777961730957
0.7159885168075562
0.40884894132614136
0.8558510541915894
0.8428702354431152
0.39856523275375366
0.9959127902984619
0.9982666373252869
0.9225811958312988
0.6299426555633545
0.966665506362915
0.6558277606964111
0.9955838322639465
0.9892875552177429
0.4136316478252411
0.8029242753982544
0.8013457655906677
0.9331135153770447
0.7883282899856567
0.995529294013977
0.6726392507553101
0.9871581196784973
0.9234626889228821
0.5629789233207703
0.8407636284828186
0.8891567587852478
0.9668591618537903
0.9857805371284485
0.8353909254074097
0.9111819267272949
0.7878862619400024
0.9983512759208679
0.9969090819358826
0.9201650619506836
0.9901307821273804
0.9827144742012024
0.6607260704040527
0.9706471562385559
0.9596675634384155
0.7279701828956604
0.9704867601394653
0.9522675275802612
0.9914259314537048
0.975669801235199
0.9896020889282227
0.9858908653259277
0.9459250569343567
0.9843431711196899
0.9821016192436218
0.9393201470375061
0.735787034034729
0.7246814966201782
0.9134348630905151
0.9387151598930359
0.9971877932548523
0.976999819278717
0.9958898425102234
0.9662652611732483
0.5753805041313171
0.9556609392166138
0.8242476582527161
0.9884281158447266
0.9758866429328918
0.9870937466621399
0.9714720845222473
0.9425474405288696
0.9751284718513489
0.9787501096725464
0.951490044593811
0.6571686863899231
0.34528785943984985
0.9826677441596985
0.9806987643241882
0.6435016393661499
0.9510490894317627
0.9612822532653809
0.985767126083374
0.9642486572265625
0.9057180285453796
0.3059673309326172
0.5658157467842102
0.956487238407135
0.7709445953369141
0.9432873129844666
0.5478026866912842
0.9470697045326233
0.8705823421478271
0.9842109680175781
0.7247820496559143
0.9982444643974304
0.7870628833770752
0.9673231840133667
0.9955464005470276
0.8096969723701477
0.5171726942062378
0.9819673895835876
0.9928130507469177
0.5857545733451843
0.9968940019607544
0.8466029167175293
0.999148964881897
0.9965492486953735
0.973509669303894
0.9926683902740479
0.9715110063552856
0.994236409664154
0.9532169699668884
0.860771656036377
0.9956506490707397
0.45562437176704407
0.9691032767295837
0.9778600335121155
0.9598475694656372
0.9601707458496094
0.7432878017425537
0.9875944256782532
0.38374063372612
0.542756199836731
0.38305991888046265
0.9965140223503113
0.9958903193473816
0.9079601764678955
0.9887292385101318
0.9263359308242798
0.8818485736846924
0.6836570501327515
0.5524238348007202
0.6704358458518982
0.9785939455032349
0.9424551129341125
0.5571722388267517
0.9918757677078247
0.7215052247047424
0.22370141744613647
0.9529329538345337
0.835850179195404
0.9836338758468628
0.9830455183982849
0.28670111298561096
0.9726919531822205
0.5059390664100647
0.9376197457313538
0.9896137118339539
0.9973506331443787
0.874118447303772
0.9386923313140869
0.8264066576957703
0.6429137587547302
0.26432907581329346
0.3827507793903351
0.9189766049385071
0.898208498954773
0.9756451845169067
0.9974061846733093
0.9803954362869263
0.9075747728347778
0.9661036133766174
0.9326716661453247
0.9337152242660522
0.9967570304870605
0.9129672646522522
0.9358706474304199
0.6155995726585388
0.668582022190094
0.690841019153595
0.9770481586456299
0.7793545126914978
0.8994299173355103
0.9894880652427673
0.6130103468894958
0.9389876127243042
0.7107133865356445
0.9554377198219299
0.9885796308517456
0.9967244863510132
0.9814082384109497
0.9627144932746887
0.9800519347190857
0.997647762298584
0.9833326935768127
0.9453073143959045
0.9687663912773132
0.962825357913971
0.9817014336585999
0.9642246961593628
0.7809241414070129
0.09380515664815903
0.9747632741928101
0.9790127277374268
0.9661283493041992
0.36545950174331665
0.777273416519165
0.9529150724411011
0.9452630281448364
0.8511315584182739
0.44668886065483093
0.7985910177230835
0.8058943748474121
0.6409530639648438
0.8914238214492798
0.7172261476516724
0.5000728964805603
0.6323143243789673
0.809380054473877
0.8762566447257996
0.13654303550720215
0.6726859211921692
0.5593189001083374
0.860327422618866
0.7124692797660828
0.7678945660591125
0.9061912298202515
0.8156145811080933
0.5723671913146973
0.7649636268615723
0.9510262608528137
0.8939220309257507
0.9830994606018066
0.5852071046829224
0.9207843542098999
0.8495724201202393
0.9319056868553162
0.8696997761726379
0.7183780074119568
0.859788179397583
0.8704598546028137
0.9121688008308411
0.9766762256622314
0.6203827261924744
0.8990782499313354
0.8326395750045776
0.863286018371582
0.8198310732841492
0.9931398630142212
0.4195129871368408
0.908528745174408
0.9238689541816711
0.9753769040107727
0.9110982418060303
0.9785190224647522
0.807905375957489
0.7237787246704102
0.9030685424804688
0.3186694383621216
0.8104345798492432
0.26917868852615356
0.9543067812919617
0.9945359826087952
0.9558376669883728
0.9792887568473816
0.9741555452346802
0.9883274435997009
0.7378580570220947
0.484686017036438
0.5592910647392273
0.40052977204322815
0.9749931693077087
0.9562579393386841
0.9275788068771362
0.7695475220680237
0.770638108253479
0.41601112484931946
0.836574912071228
0.9934837818145752
0.9348540902137756
0.9837929606437683
0.9025782942771912
0.9922002553939819
0.2434016913175583
0.9940714836120605
0.9546390771865845
0.9715780019760132
0.7333293557167053
0.9468910694122314
0.9815083146095276
0.8325737714767456
0.24629679322242737
0.7327362895011902
0.5699660778045654
0.99845290184021
0.9377355575561523
0.7748501896858215
0.9936733841896057
0.89433753490448
0.9587851762771606
0.8208367228507996
0.9954918026924133
0.9905861020088196
0.913661539554596
0.9752634167671204
0.9933907389640808
0.9888544082641602
0.48789817094802856
0.9844831228256226
0.9949092268943787
0.4174306392669678
0.9091843366622925
0.370103657245636
0.37225356698036194
0.3347322940826416
0.9889553785324097
0.8667705655097961
0.7868131995201111
0.9330823421478271
0.9004107117652893
0.9233235716819763
0.8801060914993286
0.9916283488273621
0.9597201347351074
0.9885573983192444
0.989045262336731
0.9660078287124634
0.6265345215797424
0.298098087310791
0.99293053150177
0.9554051756858826
0.992534339427948
0.9973703622817993
0.9627875685691833
0.939975380897522
0.2776845395565033
0.9937061071395874
0.9842479825019836
0.9093882441520691
0.7281480431556702
0.9853082895278931
0.6717483401298523
0.9554895758628845
0.4495867192745209
0.9949828386306763
0.5437582731246948
0.7095048427581787
0.8751689791679382
0.8391034603118896
0.9024375677108765
0.764289379119873
0.9825041890144348
0.9984303712844849
0.9349440932273865
0.9461122751235962
0.9001528024673462
0.9824241399765015
0.9561888575553894
0.8126944303512573
0.7515665888786316
0.9202001094818115
0.8216636776924133
0.9621906280517578
0.9914163947105408
0.71578049659729
0.19979870319366455
0.8718029260635376
0.053644176572561264
0.9451262354850769
0.9375647902488708
0.9726801514625549
0.7326522469520569
0.5768427848815918
0.22248736023902893
0.392929345369339
0.9333530068397522
0.908668577671051
0.9713512063026428
0.9680926203727722
0.9237287640571594
0.8970777988433838
0.99432373046875
0.9144300222396851
0.5416587591171265
0.9965163469314575
0.9839268326759338
0.6634305715560913
0.9822996854782104
0.7459686994552612
0.9535745978355408
0.8500298857688904
0.5587809085845947
0.8833855390548706
0.23917025327682495
0.24884602427482605
0.13809120655059814
0.4720097482204437
0.6295241117477417
0.3100464940071106
0.7438014149665833
0.7826083302497864
0.9891709089279175
0.11882344633340836
0.983228325843811
0.9819188117980957
0.8973116874694824
0.38598939776420593
0.9982943534851074
0.65799880027771
0.5799354910850525
0.8305052518844604
0.5630046725273132
0.8604455590248108
0.9946869611740112
0.9620742201805115
0.8499025106430054
0.9315046668052673
0.9123857021331787
0.8265822529792786
0.574566662311554
0.49325016140937805
0.9448134303092957
0.9910096526145935
0.5613064169883728
0.9794918894767761
0.9810704588890076
0.9603912830352783
0.9971629977226257
0.9703303575515747
0.6450312733650208
0.8618312478065491
0.5795955061912537
0.9922966361045837
0.9899144768714905
0.851444661617279
0.7964825630187988
0.9274765849113464
0.8159422874450684
0.6682132482528687
0.3497380316257477
0.43289709091186523
0.9974503517150879
0.6288130879402161
0.4996555745601654
0.9937800168991089
0.9005610942840576
0.9924871921539307
0.19342254102230072
0.9492194056510925
0.7252113223075867
0.9456416368484497
0.9199047684669495
0.8166330456733704
0.7604435086250305
0.8942384719848633
0.9683436751365662
0.9627581238746643
0.9251589179039001
0.8575892448425293
0.8105199933052063
0.6278445720672607
0.971605658531189
0.9882242679595947
0.815422534942627
0.27143394947052
0.9761008620262146
0.9547752737998962
0.69414883852005
0.24149107933044434
0.9421178698539734
0.8706887364387512
0.5935426354408264
0.7125013470649719
0.8189800381660461
0.9865782260894775
0.23858560621738434
0.6856861114501953
0.9124911427497864
0.9298850297927856
0.8785815238952637
0.8530988097190857
0.9444257616996765
0.4782222509384155
0.8813401460647583
0.614067792892456
0.4305122196674347
0.9479187726974487
0.6595638394355774
0.9718515276908875
0.3733092248439789
0.8910125494003296
0.47693437337875366
0.9869529604911804
0.9715132117271423
0.9651551842689514
0.481219083070755
0.9918921589851379
0.6949009895324707
0.8675698041915894
0.9117361903190613
0.9323340058326721
0.44321662187576294
0.9893267154693604
0.9175394177436829
0.61983323097229
0.708407461643219
0.9487012624740601
0.9947890639305115
0.47176024317741394
0.9654465317726135
0.9244003891944885
0.5615402460098267
0.46375563740730286
0.9856135249137878
0.9824507832527161
0.7014204859733582
0.9833340048789978
0.1303870528936386
0.9828459024429321
0.6761961579322815
0.8510565161705017
0.37035703659057617
0.6386088132858276
0.22351385653018951
0.8843436241149902
0.9286449551582336
0.7772804498672485
0.3898047208786011
0.9252489805221558
0.7775986194610596
0.6109213829040527
0.46923828125
0.9976815581321716
0.732778012752533
0.8540563583374023
0.7918204069137573
0.27552318572998047
0.9243810176849365
0.9786184430122375
0.9859158396720886
0.9633368849754333
0.9674767851829529
0.9746317863464355
0.8518297672271729
0.996036946773529
0.9474734663963318
0.9027911424636841
0.9724760055541992
0.9944649338722229
0.9900067448616028
0.9747392535209656
0.6231427192687988
0.9698934555053711
0.9497841000556946
0.5667898654937744
0.9985389709472656
0.6251758933067322
0.9605525135993958
0.9820407629013062
0.8388952612876892
0.9325189590454102
0.8117070198059082
0.5020850896835327
0.8075997829437256
0.6406696438789368
0.9543075561523438
0.8711039423942566
0.6783189177513123
0.9279565215110779
0.6851474046707153
0.9904465079307556
0.9613957405090332
0.9317505359649658
0.9922139644622803
0.5400190949440002
0.8987274765968323
0.8706790804862976
0.9970487952232361
0.289831280708313
0.9381660223007202
0.990865170955658
0.9470037221908569
0.9903575778007507
0.9805316925048828
0.9031487107276917
0.7271196842193604
0.9469261765480042
0.7270200252532959
0.9701457619667053
0.7705193161964417
0.8673260807991028
0.915116548538208
0.9988628029823303
0.8179428577423096
0.9932008981704712
0.13739004731178284
0.1558889001607895
0.9578484296798706
0.9023280739784241
0.9596332311630249
0.9849902987480164
0.9138277173042297
0.9717908501625061
0.9642717242240906
0.8062981367111206
0.6471325159072876
0.9318698644638062
0.7141795754432678
0.900216281414032
0.9900520443916321
0.9901095032691956
0.620493471622467
0.5039129257202148
0.9815639853477478
0.9843531250953674
0.9298757314682007
0.6512436866760254
0.9893180727958679
0.9703157544136047
0.8914308547973633
0.9888178706169128
0.9941397309303284
0.9831284284591675